2.099037e-05 0.0601168905335 0.0
1.0495274e-05 0.0601425134914 250.738042152
6.99683e-06 0.0601857208098 755.340448934
5.247637e-06 0.0602468065902 1524.0593686
4.198102e-06 0.0603264027061 2571.55744892
3.498425e-06 0.0604256056939 3919.54893914
2.998646e-06 0.060545257114 5598.63961596
2.623818e-06 0.0606868745116 7649.97143889
2.332281e-06 0.0608526086116 10128.6465293
2.099055e-06 0.0610449047061 13109.8008712
1.90823e-06 0.061266671771 16695.0068316
1.749212e-06 0.0615220016125 21025.7750024
1.614656e-06 0.0618162972888 26310.8919298
1.499323e-06 0.0621564021227 32853.9652039
1.399369e-06 0.0625519645615 41145.0289447
1.311908e-06 0.0630151295682 51996.6862259
1.234737e-06 0.0635589164133 66910.0384678
1.16614e-06 0.0641805170226 88912.8822755
1.104765e-06 0.0647774869924 124515.028749
1.049527e-06 0.0650240104825 185226.554327
9.99549e-07 0.0649887639259 266343.628133
9.54115e-07 0.0654585087514 310860.399206
9.12632e-07 0.0665689747303 314359.498086
8.74606e-07 0.0679652972418 346717.249247
8.39622e-07 0.0694138736948 445076.580438
8.07328e-07 0.0708977774967 615441.360967
7.77427e-07 0.0721814271015 875890.161297
7.49662e-07 0.072584135518 1285407.85165
7.23811e-07 0.0711671518328 1894902.78114
6.99685e-07 0.0656651345688 2766806.12382
6.77114e-07 0.0593316979319 3593570.53138
6.55954e-07 0.0544128098883 3408005.47959
6.36077e-07 0.0512959141405 2639324.7986
6.17369e-07 0.0508113933177 1919034.24934
5.9973e-07 0.0517420637008 1367496.06742
5.8307e-07 0.0530543165493 1035072.87277
5.67312e-07 0.0542768678678 853566.650115
5.52383e-07 0.0554805995455 743857.43654
5.38219e-07 0.0566988903048 664282.70955
5.24763e-07 0.0578712836277 626172.062769
5.11964e-07 0.0588697159461 636530.779883
4.99775e-07 0.0596314914802 692247.446568
4.88152e-07 0.0603450561157 756004.113806
4.77058e-07 0.0611502935311 803251.441727
4.66456e-07 0.0620771385562 851868.866498
4.56316e-07 0.0629683434965 936960.058931
4.46607e-07 0.0636643036875 1084487.71185
4.37303e-07 0.0639747954691 1291918.60021
4.28378e-07 0.0640236139569 1523728.57914
4.19811e-07 0.0640416655331 1705729.87703
4.11579e-07 0.0643215946955 1829191.38149
4.03664e-07 0.0647877398598 1909745.53005
3.96048e-07 0.0648538510509 2092309.65479
3.88714e-07 0.0648657240494 2317104.98902
3.81646e-07 0.0645739724154 2502858.9294
3.74831e-07 0.0642857731381 2682339.3101
3.68255e-07 0.0645974972385 2700556.62083
3.61906e-07 0.0654299126846 2662857.00219
3.55772e-07 0.0658461544372 2796421.63948
3.49842e-07 0.0657004172941 3150092.60439
3.44107e-07 0.0657524683481 3415737.37362
3.38557e-07 0.0658150067106 3576413.12673
3.33183e-07 0.0656975913586 3831593.41435
3.27977e-07 0.0655027389652 4097053.07585
3.22931e-07 0.0649730522691 4386554.66265
3.18038e-07 0.0639065575391 4730829.28119
3.13292e-07 0.062778028216 4960432.18061
3.08684e-07 0.0619468917588 4948012.97443
3.04211e-07 0.0614595492039 4807281.82496
2.99865e-07 0.0610798419704 4689959.31012
2.95641e-07 0.0601020720053 4728571.22683
2.91535e-07 0.0589797796417 4773760.55022
2.87542e-07 0.058561882513 4422975.68995
2.83656e-07 0.0587019765829 3889334.39689
2.79874e-07 0.059327159743 3427469.15578
2.76191e-07 0.060392310298 3028046.56547
2.72604e-07 0.061487924331 2747444.95435
2.69109e-07 0.062359558447 2633658.38628
2.65703e-07 0.0634536420453 2502533.19323
2.62382e-07 0.0650605840084 2263230.16818
2.59142e-07 0.067137582411 2039284.16268
2.55982e-07 0.0694644480319 1974782.23082
2.52898e-07 0.0717772604713 2139787.15142
2.49887e-07 0.0731278410302 2637768.15137
2.46947e-07 0.0729533451808 3522144.71633
2.44076e-07 0.0733494626477 4122063.70004
2.41271e-07 0.0734835802478 4282115.71932
2.38529e-07 0.0735082210818 4578069.74272
2.35849e-07 0.0743569557553 4472257.93555
2.33228e-07 0.0762851958718 4108989.77895
2.30665e-07 0.0790719046374 3803241.49822
2.28158e-07 0.0827393117278 3735367.57876
2.25705e-07 0.0873384372276 3935070.26951
2.23304e-07 0.092636734727 4621089.70752
2.20953e-07 0.0983571887343 6053937.478
2.18651e-07 0.102033891207 8794003.41551
2.16397e-07 0.0998795329201 14020322.7016
2.14189e-07 0.0948012764929 20871280.1421
2.12026e-07 0.0892599265069 25410355.9618
2.09905e-07 0.0795141902238 24484726.3353
2.07827e-07 0.0690933922167 20371006.0532
2.0579e-07 0.0634004921698 15970039.3346
2.03792e-07 0.0614468773702 13107506.2392
2.01832e-07 0.0610017077283 11633706.8443
1.9991e-07 0.0610149588561 10527019.1974
1.98024e-07 0.0619817391873 9246364.53463
1.96173e-07 0.0637084829067 7944872.29586
1.94357e-07 0.0661949809311 6988518.60745
1.92574e-07 0.0690907272867 6335626.14451
1.90823e-07 0.0717507833849 6153415.96399
1.89104e-07 0.0739927242093 6362944.53391
1.87415e-07 0.0760841033098 6648935.83672
1.85757e-07 0.0783712700386 6856882.37969
1.84128e-07 0.0806859835492 7095860.81684
1.82526e-07 0.0827181773586 7589025.80186
1.80953e-07 0.0845823960826 8232488.3471
1.79406e-07 0.0861880172419 8868729.20101
1.77886e-07 0.0879380681365 9496823.75133
1.76391e-07 0.0903719917369 9845650.38635
1.74921e-07 0.0932098192462 10287964.8794
1.73475e-07 0.0953979186101 11352941.037
1.72054e-07 0.0966440677714 13088856.0205
1.70655e-07 0.0974162727243 14747447.939
1.69278e-07 0.0981008331987 15984384.1613
1.67924e-07 0.0988767721878 16824292.5828
1.66592e-07 0.0998493631669 17585688.6263
1.6528e-07 0.100735017154 18412053.7372
1.63989e-07 0.101618295618 19365147.3029
1.62717e-07 0.102428240962 20246354.578
1.61466e-07 0.103465131613 20961937.4509
1.60233e-07 0.104878828141 21480962.4942
1.59019e-07 0.106442930255 22127968.3931
1.57824e-07 0.108511728734 22974686.9455
1.56646e-07 0.110649243273 23940882.7972
1.55485e-07 0.112837953296 25367836.2921
1.54342e-07 0.115159585346 26942935.8656
1.53216e-07 0.117450739701 28577971.6412
1.52105e-07 0.119707146272 30560968.9597
1.51011e-07 0.122177595957 32578002.0428
1.49932e-07 0.124742087982 34659270.0115
1.48869e-07 0.12737866336 37209343.029
1.47821e-07 0.129871344478 40433488.7558
1.46787e-07 0.132204258687 44032004.9107
1.45768e-07 0.13412813086 47563024.5416
1.44762e-07 0.135690130866 50879683.6098
1.43771e-07 0.13680236471 54272783.9759
1.42793e-07 0.13774416474 57911256.2144
1.41828e-07 0.137792037848 60952681.3848
1.40876e-07 0.13642254629 62945932.5489
1.39937e-07 0.13360851121 63764996.869
1.3901e-07 0.129963650379 64009524.0579
1.38096e-07 0.125629958921 63382898.7794
1.37193e-07 0.120266793539 61668303.3611
1.36302e-07 0.11565937625 59949859.637
1.35423e-07 0.112369784523 58798674.5234
1.34555e-07 0.110248955254 58400436.9504
1.33698e-07 0.108550036655 58156799.4259
1.32851e-07 0.106527108984 57472521.2584
1.32016e-07 0.104916002279 57044151.7206
1.31191e-07 0.10410358668 57392613.1161
1.30376e-07 0.10325983652 57735332.2404
1.29571e-07 0.101504929621 57434256.7743
1.28776e-07 0.0994678350864 56625438.5751
1.27991e-07 0.0974674241624 55353810.1224
1.27215e-07 0.0963094150663 54573538.903
1.26449e-07 0.0964079317947 54934211.4786
1.25692e-07 0.0966206598377 55497768.531
1.24944e-07 0.096248211127 55478605.4928
1.24204e-07 0.0956759605804 54965041.586
1.23474e-07 0.0955416692128 54814166.6587
1.22752e-07 0.0962407380468 55395833.4278
1.22038e-07 0.0968530693714 55800711.5847
1.21333e-07 0.0974468034145 55978499.9905
1.20635e-07 0.0983761887843 56400712.045
1.19946e-07 0.0999830386455 57444635.2921
1.19264e-07 0.101818048772 59031050.2286
1.18591e-07 0.103751021595 60929091.3821
1.17924e-07 0.105198614553 62504578.213
1.17266e-07 0.106264092921 63784616.0083
1.16614e-07 0.10733303116 65151706.4073
1.1597e-07 0.108490792512 66748304.996
1.15333e-07 0.109545839457 68302215.3569
1.14702e-07 0.110052915983 69316680.0848
1.14079e-07 0.110447455915 70246067.3398
1.13462e-07 0.111339467524 71604795.3797
1.12852e-07 0.112340607138 73049832.3755
1.12249e-07 0.113268881161 74602790.1943
1.11652e-07 0.114464790132 76533402.803
1.11061e-07 0.115091715986 78098336.0528
1.10476e-07 0.114667383225 78872630.201
1.09898e-07 0.113559077511 79028073.6642
1.09326e-07 0.112591005621 79258259.5875
1.08759e-07 0.112150910772 79800517.5043
1.08199e-07 0.111585163475 80238863.9352
1.07644e-07 0.110917750439 80593546.5096
1.07095e-07 0.110343831043 81033296.1137
1.06551e-07 0.109485298339 81178022.8948
1.06013e-07 0.108341675937 81107797.0187
1.0548e-07 0.107532279205 81194448.7448
1.04953e-07 0.10670819917 81180546.5004
1.04431e-07 0.106276553875 81521346.4677
1.03914e-07 0.106659649187 82561043.4353
1.03402e-07 0.106166778157 82879837.2256
1.02895e-07 0.104264685764 82088082.0195
1.02393e-07 0.103294089478 81943083.5506
1.01896e-07 0.103388386479 82578683.1033
1.01404e-07 0.1034510341 83317191.497
1.00916e-07 0.102924278401 83628005.4501
1.00433e-07 0.101138401 82903125.7793
9.9955e-08 0.0992583677727 82002069.401
9.9481e-08 0.0981594058161 81584526.7353
9.9012e-08 0.0972979329633 81223520.0243
9.8547e-08 0.0961539049534 80435290.0037
9.8087e-08 0.0953882053569 79749954.121
9.763e-08 0.0957285706491 79870333.2053
9.7178e-08 0.096813030165 80547311.2933
9.6731e-08 0.0982367628254 81648584.8846
9.6287e-08 0.0999963491892 83087758.6352
9.5847e-08 0.10128675345 84130988.7408
9.5412e-08 0.102617393193 85278985.8944
9.498e-08 0.104395626337 86888414.8591
9.4552e-08 0.106016629244 88350464.191
9.4128e-08 0.107189088657 89401223.3763
9.3708e-08 0.108629603135 90687090.6904
9.3291e-08 0.110452614136 92202382.8948
9.2878e-08 0.112503613547 93977699.4834
9.2469e-08 0.115144177434 96305045.1903
9.2064e-08 0.117820195328 98657521.5996
9.1662e-08 0.120246279287 100837603.863
9.1263e-08 0.123493414916 103814054.677
9.0868e-08 0.127285182001 107283564.181
9.0476e-08 0.130964638253 110792059.55
9.0088e-08 0.134183819457 113993966.619
8.9703e-08 0.136627254716 116618113.872
8.9321e-08 0.138030848215 118479336.992
8.8943e-08 0.139456376583 120339204.286
8.8568e-08 0.140157244497 121613029.217
8.8196e-08 0.139769548873 122082813.97
8.7827e-08 0.139557741426 122601793.439
8.7461e-08 0.140687005235 124016845.807
8.7098e-08 0.142965629371 126194681.133
8.6738e-08 0.144836898587 128093635.679
8.6381e-08 0.146357930119 129759594.094
8.6027e-08 0.147476116457 131126600.417
8.5676e-08 0.148370107782 132334598.542
8.5327e-08 0.149849637568 133893308.066
8.4982e-08 0.151585571041 135595671.072
8.4639e-08 0.153945122097 137667612.29
8.4299e-08 0.155893330902 139451832.723
8.3962e-08 0.157988579202 141293743.908
8.3628e-08 0.160259396825 143204380.426
8.3296e-08 0.163903922543 145868134.916
8.2967e-08 0.169011283107 149256396.744
8.264e-08 0.172121987804 151335115.473
8.2316e-08 0.172149497324 151537991.151
8.1994e-08 0.171997322176 151579851.747
8.1675e-08 0.172215143737 151811914.896
8.1359e-08 0.171195960358 151339571.168
8.1045e-08 0.168954334147 150225978.114
8.0733e-08 0.167127363734 149363449.211
8.0424e-08 0.166455482671 149172294.78
8.0117e-08 0.165624795451 148890343.778
7.9812e-08 0.164851129478 148629132.724
7.951e-08 0.164150734229 148400036.981
7.921e-08 0.16353053791 148212644.511
7.8912e-08 0.163510919646 148291008.318
7.8616e-08 0.163663298548 148436991.141
7.8323e-08 0.162229675088 147721740.125
7.8032e-08 0.160112243262 146659750.835
7.7743e-08 0.158126491805 145731670.793
7.7456e-08 0.157366050754 145471909.37
7.7171e-08 0.156160582743 145028153.91
7.6888e-08 0.154809345722 144457520.684
7.6608e-08 0.154499499046 144460586.922
7.6329e-08 0.154154993763 144420322.187
7.6053e-08 0.153992919297 144402916.885
7.5778e-08 0.1535777693 144235114.885
7.5506e-08 0.152053328843 143471954.085
7.5235e-08 0.150270362593 142585661.429
7.4966e-08 0.149184761509 142101917.483
7.4699e-08 0.148394159562 141762685.626
7.4435e-08 0.146603170874 140922067.527
7.4172e-08 0.143705077905 139529255.226
7.391e-08 0.141441145587 138546772.6
7.3651e-08 0.140601378372 138361465.807
7.3393e-08 0.139617249334 138121208.667
7.3138e-08 0.13745193871 137234131.499
7.2884e-08 0.13553719228 136528723.257
7.2632e-08 0.134547556105 136393082.728
7.2381e-08 0.134754885677 136870045.902
7.2132e-08 0.136527393356 138070446.204
7.1885e-08 0.137507657691 138741690.376
7.164e-08 0.136235401632 138080063.635
7.1396e-08 0.134734699111 137284337.266
7.1154e-08 0.133017309976 136519691.798
7.0914e-08 0.130004761105 135142811.132
7.0675e-08 0.127390839669 134088554.08
7.0438e-08 0.126373107972 134046400.741
7.0202e-08 0.126322030984 134559434.831
6.9968e-08 0.127366771772 135605577.313
6.9736e-08 0.12961821089 137178742.983
6.9505e-08 0.132669525571 138966013.209
6.9276e-08 0.133939656656 139611148.634
6.9048e-08 0.132831251125 138805232.087
6.8821e-08 0.130801682591 137600779.05
6.8597e-08 0.12857467371 136420967.272
6.8373e-08 0.126386831517 135429396.639
6.8151e-08 0.123517927954 134216806.611
6.7931e-08 0.120275320332 132985642.186
6.7711e-08 0.119217768679 133074448.784
6.7494e-08 0.121898965174 135319270.48
6.7277e-08 0.125281224452 137801947.668
6.7062e-08 0.127441599918 139300602.491
6.6849e-08 0.130387854479 140993458.331
6.6637e-08 0.134006365753 142897955.838
6.6426e-08 0.13580716628 143608217.671
6.6216e-08 0.134800530067 142637129.47
6.6008e-08 0.133657165078 141713165.37
6.5801e-08 0.133235712553 141348812.019
6.5595e-08 0.13304536306 141197764.997
6.5391e-08 0.132581420607 140875128.388
6.5188e-08 0.132799817049 140910247.427
6.4986e-08 0.133107684429 140981806.324
6.4786e-08 0.133572986316 141004675.297
6.4586e-08 0.133178178695 140533585.909
6.4388e-08 0.131503873588 139320243.335
6.4191e-08 0.12869313887 137641199.988
6.3996e-08 0.125144150575 135769540.596
6.3801e-08 0.121903893554 134337543.386
6.3608e-08 0.119682334473 133678566.942
6.3416e-08 0.118678221804 133834467.37
6.3225e-08 0.118879356389 134627578.88
6.3035e-08 0.120442205919 136126114.949
6.2846e-08 0.122359692734 137614612.66
6.2658e-08 0.124389745494 138975787.701
6.2472e-08 0.125375572584 139621218.197
6.2286e-08 0.125449710589 139698844.983
6.2102e-08 0.126300900533 140234303.256
6.1919e-08 0.128089821381 141335570.135
6.1737e-08 0.130253348309 142489735.752
6.1556e-08 0.131662523849 143107836.839
6.1376e-08 0.132799190796 143411382.723
6.1197e-08 0.134331973201 143934361.275
6.1019e-08 0.135337724751 144084396.345
6.0842e-08 0.136151860205 144040020.245
6.0666e-08 0.136116012454 143578193.135
6.0491e-08 0.13509505923 142616215.131
6.0318e-08 0.134107605771 141865845.551
6.0145e-08 0.134254996167 141827151.297
5.9973e-08 0.135687974902 142560584.685
5.9802e-08 0.136014867749 142594667.439
5.9632e-08 0.135633275677 142147998.141
5.9463e-08 0.137467335279 142918344.93
5.9295e-08 0.141861795779 144940796.02
5.9128e-08 0.145234627731 145984939.072
5.8962e-08 0.145428678119 144855727.979
5.8797e-08 0.144343155298 143058969.869
5.8633e-08 0.144103559019 142025381.948
5.8469e-08 0.145100535092 141743145.307
5.8307e-08 0.1453355816 141001133.388
5.8146e-08 0.143481460616 138991107.585
5.7985e-08 0.141937774261 137240565.206
5.7825e-08 0.140176233362 135755927.261
5.7666e-08 0.137562666918 133849412.333
5.7508e-08 0.134795657498 132097623.06
5.7351e-08 0.132722593695 130899616.667
5.7195e-08 0.131641845497 130332431.299
5.7039e-08 0.130988787285 129912110.991
5.6885e-08 0.129333747596 128877727.232
5.6731e-08 0.12701368857 127437155.293
5.6578e-08 0.125694150094 126681255.653
5.6426e-08 0.124343156445 126067166.113
5.6275e-08 0.122483241283 125071891.449
5.6124e-08 0.120843667245 124276077.987
5.5975e-08 0.119505337655 123745254.046
5.5826e-08 0.117594221002 122986413.533
5.5678e-08 0.116051892877 122435725.233
5.5531e-08 0.11602524278 122839664.164
5.5384e-08 0.116282092013 123347177.097
5.5238e-08 0.116390925745 123524590.552
5.5093e-08 0.116697709237 123705793.258
5.4949e-08 0.116854715269 123785536.71
5.4806e-08 0.117219628459 123845982.309
5.4663e-08 0.117794459275 124058280.953
5.4521e-08 0.118468340138 124167357.206
5.438e-08 0.120033973303 124615443.847
5.4239e-08 0.120922573139 124625830.011
5.4099e-08 0.120984992139 123829954.932
5.396e-08 0.121210576721 123225958.413
5.3822e-08 0.120723965231 122248347.227
5.3684e-08 0.11937488598 120847004.757
5.3547e-08 0.117578101592 119385251.284
5.3411e-08 0.116001548819 118295649.768
5.3275e-08 0.115133423028 117789063.0
5.3141e-08 0.114587361317 117481265.622
5.3006e-08 0.114778421988 117472379.036
5.2873e-08 0.115177168894 117473725.504
5.274e-08 0.115133721325 117034943.575
5.2608e-08 0.113933326644 115946145.628
5.2476e-08 0.113190100091 115112213.492
5.2345e-08 0.113687075884 115195623.092
5.2215e-08 0.114191914511 115121463.004
5.2086e-08 0.113998665629 114404278.63
5.1957e-08 0.113287571165 113374369.109
5.1828e-08 0.1124717339 112342118.391
5.1701e-08 0.112494923348 111849215.293
5.1574e-08 0.112444449052 111295079.649
5.1447e-08 0.111548852245 110080960.972
5.1322e-08 0.109962538782 108496583.315
5.1196e-08 0.107764496708 106836130.801
5.1072e-08 0.105349883885 105282631.532
5.0948e-08 0.104643894939 104867024.491
5.0825e-08 0.104639870916 104964616.247
5.0702e-08 0.103656432789 104143510.909
5.058e-08 0.102524467328 103111959.194
5.0458e-08 0.10118450662 102147588.072
5.0337e-08 0.100706056273 101607725.314
5.0217e-08 0.100694173299 101375793.269
5.0097e-08 0.0997608670109 100362528.611
4.9977e-08 0.097605122325 98602014.3937
4.9859e-08 0.095136204669 96846582.3166
4.9741e-08 0.0936694248045 95985550.0071
4.9623e-08 0.0918088120999 95104287.3852
4.9506e-08 0.0896349321236 93897643.75
4.9389e-08 0.0873893226052 92928666.1806
4.9274e-08 0.0854412454726 92246181.8367
4.9158e-08 0.0844423220378 92281409.8954
4.9043e-08 0.0838831853774 92537814.3287
4.8929e-08 0.083012398893 92516954.9244
4.8815e-08 0.0820103283683 92281560.9082
4.8702e-08 0.0822388226171 92857286.6594
4.8589e-08 0.0830668116567 93749025.8091
4.8477e-08 0.0836855519322 94123217.0713
4.8365e-08 0.0838286542567 93985711.9094
4.8254e-08 0.083298494797 93392564.2314
4.8143e-08 0.082485014485 92707091.2988
4.8033e-08 0.0822299890434 92525861.3747
4.7924e-08 0.0827394888062 92853467.1602
4.7814e-08 0.0831610030021 93003166.2798
4.7706e-08 0.0827889028762 92440071.7927
4.7598e-08 0.082295585471 91813744.5029
4.749e-08 0.0822441857888 91588515.6976
4.7383e-08 0.082484137004 91554683.4069
4.7276e-08 0.0825864785794 91306155.2623
4.717e-08 0.0823574782994 90754263.2058
4.7064e-08 0.08153545768 89888927.0041
4.6959e-08 0.080574065873 89031001.9577
4.6854e-08 0.0801616249829 88748094.6266
4.675e-08 0.0802779911967 88849140.4341
4.6646e-08 0.0808601289546 89085577.8371
4.6542e-08 0.0814544345884 89165067.7483
4.6439e-08 0.0813231918004 88588690.8469
4.6337e-08 0.0808076423872 87740467.7639
4.6235e-08 0.0806981484411 87277522.5309
4.6133e-08 0.080925597603 87122105.4809
4.6032e-08 0.0809820818271 86731697.3568
4.5931e-08 0.0806043559708 86035893.3632
4.5831e-08 0.0800179173461 85232272.8004
4.5731e-08 0.0800693484471 84952293.9345
4.5632e-08 0.080379847387 84901893.6083
4.5533e-08 0.0808001472282 84684578.132
4.5434e-08 0.0812844107024 84437667.6464
4.5336e-08 0.0811125957892 83661539.8207
4.5238e-08 0.0814034304451 83081940.1775
4.5141e-08 0.0819258758058 82765699.8348
4.5044e-08 0.0820886476769 82028624.3817
4.4948e-08 0.0817927234466 80946849.3427
4.4852e-08 0.081616253374 79965741.8653
4.4756e-08 0.0815978218606 79230487.7307
4.4661e-08 0.0820194433072 78602777.7267
4.4566e-08 0.0823489990503 77878249.2452
4.4471e-08 0.0819492101171 76474305.015
4.4377e-08 0.0809561721307 74762402.2657
4.4284e-08 0.0803373794335 73413479.2499
4.4191e-08 0.0800572216376 72485617.1442
4.4098e-08 0.0795965454424 71295953.9764
4.4005e-08 0.0788850115712 69870597.0092
4.3913e-08 0.0776707501624 68195856.1784
4.3822e-08 0.0761844950299 66465107.1804
4.373e-08 0.0746934525338 64967864.7469
4.3639e-08 0.0735136365587 63812919.0536
4.3549e-08 0.0726134748966 62923495.8306
4.3459e-08 0.0718436061411 62016507.6567
4.3369e-08 0.0712010496807 61113660.1186
4.3279e-08 0.0702655052864 59956485.0715
4.319e-08 0.0688797590428 58505247.0931
4.3102e-08 0.0676642340546 57232056.9938
4.3013e-08 0.0667099129945 56325652.2277
4.2925e-08 0.0657935010276 55376883.8243
4.2838e-08 0.0649492343429 54399867.1825
4.2751e-08 0.0638300593617 53258025.712
4.2664e-08 0.0623709345022 51881641.8218
4.2577e-08 0.0610307940508 50724602.1217
4.2491e-08 0.059939473925 49874390.8001
4.2405e-08 0.0591928541358 49216072.3175
4.232e-08 0.0583419442011 48424899.5277
4.2234e-08 0.0569183535851 47180403.7055
4.215e-08 0.0553427196779 45895002.4143
4.2065e-08 0.054340546464 45230679.3208
4.1981e-08 0.0535932724402 44819807.0796
4.1897e-08 0.0526257319824 44122181.7715
4.1814e-08 0.0515146076789 43242989.0073
4.1731e-08 0.0505626314955 42572735.5184
4.1648e-08 0.0498986041504 42093529.9316
4.1565e-08 0.0493218608454 41654820.3256
4.1483e-08 0.0483515394869 40776486.0004
4.1401e-08 0.0471588513131 39752389.1311
4.132e-08 0.0458788237105 38855616.4191
4.1239e-08 0.0447295109293 38225147.7589
4.1158e-08 0.0439741472742 37980346.0237
4.1077e-08 0.0434850425424 37947581.2077
4.0997e-08 0.0429177283573 37679216.3121
4.0917e-08 0.0423240435192 37277032.1962
4.0838e-08 0.0416777639197 36817975.9628
4.0758e-08 0.041205242855 36445700.4711
4.0679e-08 0.0406308833031 36020297.4905
4.0601e-08 0.039813134108 35312422.0906
4.0522e-08 0.0389070281068 34641574.7867
4.0444e-08 0.037957405295 34092179.1857
4.0366e-08 0.0372797414636 33868137.3667
4.0289e-08 0.0367324790859 33876119.2526
4.0212e-08 0.0362506512061 33831782.7137
4.0135e-08 0.0360058799586 33960343.8065
4.0058e-08 0.0358570520991 34088522.3069
3.9982e-08 0.035770300688 34090554.4518
3.9906e-08 0.03571301739 33996510.1191
3.983e-08 0.0354921660747 33663408.009
3.9755e-08 0.0351335316705 33140470.1908
3.968e-08 0.0348346242059 32719185.5674
3.9605e-08 0.0345573473677 32360044.8823
3.953e-08 0.0343536987102 32013853.0141
3.9456e-08 0.0341527692111 31633704.9928
3.9382e-08 0.0338725819287 31117713.1866
3.9308e-08 0.0335123967476 30496259.2749
3.9235e-08 0.0331236550073 29877103.6687
3.9161e-08 0.032646284068 29238822.946
3.9089e-08 0.0322376113985 28656722.8484
3.9016e-08 0.0319587256595 28258101.9871
3.8943e-08 0.0316475346941 27754496.3071
3.8871e-08 0.0312684539384 27111811.8364
3.88e-08 0.0307153313094 26317881.8952
3.8728e-08 0.0300220659539 25456156.3813
3.8657e-08 0.029344886626 24747228.5095
3.8586e-08 0.0287109527135 24243458.5314
3.8515e-08 0.0281030615009 23836751.7129
3.8444e-08 0.0276061201251 23580374.5427
3.8374e-08 0.0272619441221 23483035.5421
3.8304e-08 0.0269355568044 23351811.4278
3.8234e-08 0.0264843171202 23030827.126
3.8165e-08 0.0259965585998 22672037.2036
3.8095e-08 0.0256249184557 22523476.9231
3.8026e-08 0.0254148375187 22550436.4871
3.7958e-08 0.0252943576636 22583668.2078
3.7889e-08 0.025055245621 22383214.9158
3.7821e-08 0.0246995003282 21968302.5595
3.7753e-08 0.0243984356414 21672300.4899
3.7685e-08 0.0241345025373 21482291.8365
3.7617e-08 0.0238605169777 21248191.7977
3.755e-08 0.0235389562833 20987906.3801
3.7483e-08 0.023174540473 20702771.8013
3.7416e-08 0.0228621853348 20560298.5103
3.735e-08 0.0226760670219 20599900.3767
3.7283e-08 0.0226443252399 20778919.117
3.7217e-08 0.0225887809717 20847542.4971
3.7151e-08 0.0224855359465 20719674.1702
3.7086e-08 0.0224849287597 20677876.0136
3.702e-08 0.0225710685045 20696245.3803
3.6955e-08 0.0227068523421 20608906.4754
3.689e-08 0.0228531669249 20382077.0228
3.6825e-08 0.0229728680049 19951481.2995
3.6761e-08 0.0230503192552 19343759.9869
3.6697e-08 0.022993888724 18501750.8694
3.6633e-08 0.0228366752151 17486320.9631
3.6569e-08 0.0225746233176 16421981.4677
3.6505e-08 0.0222165082884 15304576.761
3.6442e-08 0.0217707689745 14211827.5659
3.6379e-08 0.0213708999968 13248928.3467
3.6316e-08 0.0209660373923 12420095.4139
3.6253e-08 0.0204149181515 11432545.0334
3.6191e-08 0.0198291542836 10499842.1543
3.6128e-08 0.0192461996491 9766219.28321
3.6066e-08 0.0186709937201 9178510.282
3.6004e-08 0.0181501761624 8760688.91135
3.5943e-08 0.0177030710381 8518498.84102
3.5881e-08 0.0173042814115 8357324.42204
3.582e-08 0.0169696140496 8242856.92466
3.5759e-08 0.0166856309799 8162285.44562
3.5698e-08 0.0164260846127 8029012.76942
3.5638e-08 0.0161466934281 7811007.08977
3.5577e-08 0.0158000943321 7472006.7811
3.5517e-08 0.0154499536814 7147297.09259
3.5457e-08 0.0151342071322 6954640.74337
3.5397e-08 0.0148393935484 6808995.43633
3.5338e-08 0.0145478624419 6664536.73372
3.5278e-08 0.0142382366019 6496523.18792
3.5219e-08 0.0139242497046 6343332.16812
3.516e-08 0.0136475543328 6285596.8536
3.5101e-08 0.0133945919532 6297822.35087
3.5043e-08 0.0131472322322 6295192.76192
3.4984e-08 0.0129192979754 6317136.04691
3.4926e-08 0.0127126056698 6367230.23274
3.4868e-08 0.0125112793345 6414387.32419
3.481e-08 0.012319486725 6456390.78993
3.4753e-08 0.012145268118 6518302.93704
3.4695e-08 0.0120059224275 6610379.08954
3.4638e-08 0.0118797011261 6690505.06462
3.4581e-08 0.0117189367112 6664693.75851
3.4524e-08 0.0115226659944 6569963.98938
3.4467e-08 0.01135190273 6566363.58028
3.4411e-08 0.0112343423213 6694467.25719
3.4354e-08 0.0111568664587 6850282.51128
3.4298e-08 0.0110704705922 6916905.24279
3.4242e-08 0.0109549843084 6852111.24774
3.4187e-08 0.010836865179 6777592.20498
3.4131e-08 0.010701517077 6703170.23779
3.4076e-08 0.0105874835658 6657657.59436
3.402e-08 0.0104929523997 6680271.22012
3.3965e-08 0.0103988829988 6655205.2366
3.391e-08 0.0103250411296 6628256.1178
3.3856e-08 0.010220114073 6531905.81698
3.3801e-08 0.0100945431811 6354667.47223
3.3747e-08 0.00997019831886 6229326.74391
3.3693e-08 0.00985188242068 6136694.9145
3.3639e-08 0.00974437613796 6077333.03039
3.3585e-08 0.00963467101194 6010704.85013
3.3531e-08 0.00953289825529 5941972.8266
3.3478e-08 0.00942482812335 5874400.91477
3.3424e-08 0.00931854096487 5785850.83088
3.3371e-08 0.00922543146552 5740174.08984
3.3318e-08 0.0091326605778 5678032.93048
3.3266e-08 0.00904076597759 5598117.8679
3.3213e-08 0.00893699896854 5489255.36822
3.316e-08 0.00882854019064 5365827.79223
3.3108e-08 0.00872721220688 5276545.66612
3.3056e-08 0.00861418313199 5183520.47981
3.3004e-08 0.00850404322465 5088728.68538
3.2952e-08 0.00841712331383 5068559.09336
3.2901e-08 0.0083294159465 5038537.21125
3.2849e-08 0.00823798956062 4966717.90027
3.2798e-08 0.00813721582457 4879467.71218
3.2747e-08 0.00803194217899 4787286.8298
3.2696e-08 0.00794297972723 4747725.19919
3.2645e-08 0.00785255714884 4725240.65983
3.2594e-08 0.00775496383811 4665352.9493
3.2543e-08 0.0076720723715 4647074.05687
3.2493e-08 0.00760425663557 4666220.59704
3.2443e-08 0.00754031204835 4660051.23223
3.2393e-08 0.0074721601986 4609412.33618
3.2343e-08 0.00739045364908 4509099.97341
3.2293e-08 0.00729899722433 4391307.2423
3.2244e-08 0.00720579213487 4296688.89342
3.2194e-08 0.00711434610375 4235195.30242
3.2145e-08 0.00703238990973 4210000.5914
3.2096e-08 0.00695939439305 4209483.64011
3.2047e-08 0.00689123311318 4202494.94143
3.1998e-08 0.00681665705353 4166693.4012
3.1949e-08 0.00673461918091 4101279.8976
3.1901e-08 0.00665764629003 4061622.75822
3.1852e-08 0.00658710241334 4049944.03692
3.1804e-08 0.00651323070219 4028432.67093
3.1756e-08 0.00642963176281 3982255.12888
3.1708e-08 0.00634838029124 3955406.03228
3.166e-08 0.00628123778799 3993119.05837
3.1612e-08 0.00621883075979 4046461.22396
3.1565e-08 0.00615949091199 4085242.1597
3.1517e-08 0.00610325212438 4125996.58937
3.147e-08 0.00605432326179 4168002.76874
3.1423e-08 0.00601986032437 4226498.44709
3.1376e-08 0.00597984621719 4243704.58531
3.1329e-08 0.00592150203383 4172048.90093
3.1282e-08 0.00585880383919 4097000.91998
3.1236e-08 0.00580326227143 4074283.83151
3.119e-08 0.00575260372918 4078023.12611
3.1143e-08 0.00570893480994 4082977.56984
3.1097e-08 0.00566549383946 4076085.62659
3.1051e-08 0.0056096600759 4016364.84268
3.1005e-08 0.00554458338236 3935137.31509
3.0959e-08 0.00547798473229 3889692.61112
3.0914e-08 0.00542146442894 3901529.74531
3.0868e-08 0.00538003097076 3972483.43976
3.0823e-08 0.00534827084577 4045619.82941
3.0778e-08 0.00531788359442 4083583.43284
3.0733e-08 0.00528268554985 4071273.7257
3.0688e-08 0.00524398036107 4028949.1701
3.0643e-08 0.00520262071469 3980478.05949
3.0598e-08 0.00515967244142 3928038.02658
3.0554e-08 0.00511833905676 3880915.04424
3.0509e-08 0.00507510609534 3833966.03697
3.0465e-08 0.00502814950128 3770456.99413
3.0421e-08 0.00497883992699 3712420.50453
3.0377e-08 0.0049286599619 3664946.36583
3.0333e-08 0.00488619225395 3649218.60818
3.0289e-08 0.00484818050558 3653707.99355
3.0246e-08 0.00481013122827 3635663.18746
3.0202e-08 0.00476895799505 3598205.54751
3.0159e-08 0.0047250530445 3547757.94171
3.0116e-08 0.00468126297183 3505358.70598
3.0072e-08 0.00464157207514 3479003.92593
3.0029e-08 0.00460289654436 3457804.38862
2.9986e-08 0.00455995675452 3409981.10792
2.9944e-08 0.0045124252136 3352377.59076
2.9901e-08 0.00446148029522 3299426.76562
2.9859e-08 0.004416267436 3283318.3589
2.9816e-08 0.00437515448144 3301148.61284
2.9774e-08 0.00433494063039 3311238.31542
2.9732e-08 0.00429637787131 3323590.32434
2.969e-08 0.00425827669844 3335017.98858
2.9648e-08 0.00422175568431 3349436.22659
2.9606e-08 0.00418603172759 3365606.47902
2.9564e-08 0.00415573179998 3392234.93372
2.9523e-08 0.00412756793179 3420361.12481
2.9481e-08 0.00409703404825 3418510.96974
2.944e-08 0.00406428208707 3399702.06011
2.9399e-08 0.00402667033404 3369200.12023
2.9357e-08 0.00398770471939 3343782.11777
2.9316e-08 0.00395419510013 3354684.2597
2.9276e-08 0.00392465001769 3386850.83591
2.9235e-08 0.00389577610068 3407059.55607
2.9194e-08 0.00386672792531 3414872.99999
2.9154e-08 0.00383437814916 3408503.64862
2.9113e-08 0.00380046048472 3396538.49301
2.9073e-08 0.00376818820272 3404057.73793
2.9033e-08 0.00373620569852 3425043.37847
2.8992e-08 0.00370535799835 3450402.57571
2.8952e-08 0.00368082228649 3502000.23891
2.8913e-08 0.00366023034185 3562628.55277
2.8873e-08 0.00364101121667 3601996.32473
2.8833e-08 0.00361988229587 3616773.08077
2.8794e-08 0.00359360202794 3602380.88532
2.8754e-08 0.00356466282955 3581035.37541
2.8715e-08 0.00353820637193 3586022.82362
2.8676e-08 0.00351441744043 3612377.51027
2.8636e-08 0.00348915788737 3633635.60965
2.8597e-08 0.00346437927066 3650389.75761
2.8559e-08 0.00344493125933 3693582.61635
2.852e-08 0.00342509484749 3734739.28739
2.8481e-08 0.00340262588217 3752525.73998
2.8442e-08 0.0033827543284 3780928.19617
2.8404e-08 0.00336773088344 3833648.90446
2.8366e-08 0.00335642422575 3886981.34429
2.8327e-08 0.00334447533511 3915903.38017
2.8289e-08 0.0033313843049 3917032.80387
2.8251e-08 0.003312534922 3896332.34917
2.8213e-08 0.00329081603137 3860920.95521
2.8175e-08 0.00327246504481 3866631.78442
2.8137e-08 0.00325864468147 3896669.32944
2.81e-08 0.00324765628073 3932587.69678
2.8062e-08 0.003237022812 3951209.02347
2.8025e-08 0.00322811065665 3958562.21833
2.7987e-08 0.00321802584155 3956446.23456
2.795e-08 0.00320537330689 3926842.5217
2.7913e-08 0.00319940240681 3919292.12156
2.7876e-08 0.00319402292179 3910252.32494
2.7839e-08 0.00318261601477 3845242.04254
2.7802e-08 0.00316787170644 3759642.45917
2.7765e-08 0.00314919764865 3677138.68976
2.7729e-08 0.00313117526916 3608304.77949
2.7692e-08 0.00312032264237 3587324.1652
2.7656e-08 0.00311239001395 3572699.59684
2.7619e-08 0.00310262887583 3524003.32564
2.7583e-08 0.003087888073 3441176.28422
2.7547e-08 0.00306954957652 3348278.11801
2.7511e-08 0.00305398288823 3284162.53886
2.7475e-08 0.00304915621434 3271077.28952
2.7439e-08 0.00304674244367 3255036.91985
2.7403e-08 0.00303756453364 3161035.07771
2.7367e-08 0.00302811345678 3042207.33147
2.7331e-08 0.003021165592 2938367.4458
2.7296e-08 0.00301249118442 2809175.16572
2.726e-08 0.0029987753272 2640462.23962
2.7225e-08 0.00297808512752 2440091.33119
2.719e-08 0.00295498981233 2242075.82342
2.7155e-08 0.00293362315103 2078573.72937
2.712e-08 0.00291126467147 1920669.74273
2.7085e-08 0.00288743001574 1752876.48957
2.705e-08 0.00286064606547 1578498.7586
2.7015e-08 0.00282826184355 1391271.33545
2.698e-08 0.00279149568527 1207818.47369
2.6945e-08 0.00275463110854 1063242.64033
2.6911e-08 0.00271977263362 965655.736199
2.6876e-08 0.00268649646014 896793.149023
2.6842e-08 0.00265471125449 847292.373386
2.6808e-08 0.00262364998137 810200.518373
2.6774e-08 0.00259502103357 791024.614543
2.674e-08 0.00257104881693 795556.846826
2.6706e-08 0.00254937488933 804816.93902
2.6672e-08 0.00252509297448 784874.926115
2.6638e-08 0.00249979784643 749504.06485
2.6604e-08 0.0024771200857 739422.89098
2.657e-08 0.00245606078302 740837.788146
2.6537e-08 0.0024356367265 734918.414328
2.6503e-08 0.00241521367239 721953.693796
2.647e-08 0.00239255939625 696603.189084
2.6436e-08 0.00236890839904 668603.800768
2.6403e-08 0.00234757556312 665998.346753
2.637e-08 0.00232831125984 682310.802778
2.6337e-08 0.00231003798183 695513.121672
2.6304e-08 0.00229195721225 702694.610818
2.6271e-08 0.00227374865352 702782.354061
2.6238e-08 0.00225683608032 707102.514595
2.6205e-08 0.00223948206292 709578.347726
2.6173e-08 0.00222108222116 700144.093779
2.614e-08 0.00220360571637 700238.880577
2.6108e-08 0.00218737918407 710367.450164
2.6075e-08 0.00217195624775 723198.635664
2.6043e-08 0.00215596984099 726485.366806
2.6011e-08 0.00214161289449 732453.176975
2.5978e-08 0.00212790008479 742449.172907
2.5946e-08 0.00211255617931 733559.126338
2.5914e-08 0.0020952853152 713196.425763
2.5882e-08 0.00207836212707 705036.972102
2.585e-08 0.00206302083461 719779.013197
2.5819e-08 0.00205050241264 748418.937991
2.5787e-08 0.0020407138776 783856.256676
2.5755e-08 0.0020294036393 792641.936981
2.5724e-08 0.0020162868331 772523.009468
2.5692e-08 0.00200236478166 751580.376011
2.5661e-08 0.00198725674568 734833.363629
2.5629e-08 0.0019724659897 725860.106285
2.5598e-08 0.00196001851233 742089.503426
2.5567e-08 0.00194952431981 767509.637412
2.5536e-08 0.00194018431851 788431.878278
2.5505e-08 0.00192952959985 787584.741766
2.5474e-08 0.00191844992638 776228.046414
2.5443e-08 0.00190806842166 772407.518186
2.5412e-08 0.00190003761868 777523.614331
2.5382e-08 0.00189399389436 784815.786307
2.5351e-08 0.00188600139633 758867.109912
2.532e-08 0.00187673102641 705781.329607
2.529e-08 0.00186792825488 652298.262399
2.5259e-08 0.00185643092714 585952.167136
2.5229e-08 0.00184139331157 491191.737572
2.5199e-08 0.00182539343435 411200.183266
2.5169e-08 0.00180930142619 354181.141327
2.5138e-08 0.00179366031417 315583.435104
2.5108e-08 0.00177873192156 291071.044231
2.5078e-08 0.0017644027154 275241.476293
2.5048e-08 0.00175061298797 264297.518099
2.5019e-08 0.00173720727605 256056.403446
2.4989e-08 0.00172418050569 249452.844046
2.4959e-08 0.00171143072366 244206.397654
2.4929e-08 0.00169900334709 240047.172213
2.49e-08 0.0016867736696 236145.943985
2.487e-08 0.00167478801943 232796.964526
2.4841e-08 0.00166297201513 229982.367632
2.4812e-08 0.00165137158266 227163.935433
2.4782e-08 0.00163993730236 224900.27944
2.4753e-08 0.00162864374371 222624.117526
2.4724e-08 0.00161753697717 220620.262909
2.4695e-08 0.00160656815081 218613.483577
2.4666e-08 0.00159573619992 216879.679166
2.4637e-08 0.00158501653611 215143.267657
2.4608e-08 0.00157447804045 213681.0333
2.4579e-08 0.00156402629898 211939.840179
2.455e-08 0.0015536839794 210472.909524
2.4522e-08 0.00154347317703 209272.573378
2.4493e-08 0.00153339256636 207801.799245
2.4464e-08 0.00152339571055 206606.375092
2.4436e-08 0.00151352721208 205122.995537
2.4408e-08 0.00150374099002 203915.529747
2.4379e-08 0.00149405890309 202714.701727
2.4351e-08 0.00148448014505 201503.826947
2.4323e-08 0.00147500402053 200570.202572
2.4295e-08 0.00146562953062 199356.152645
2.4267e-08 0.00145633390073 198419.716356
2.4238e-08 0.0014471385074 197210.458368
2.4211e-08 0.00143802074671 196263.027435
2.4183e-08 0.00142900194723 195322.471324
2.4155e-08 0.00142005947255 194380.529272
2.4127e-08 0.00141121450597 193156.553176
2.4099e-08 0.00140244477776 192211.660592
2.4072e-08 0.00139374977797 191538.665624
2.4044e-08 0.00138512880633 190591.220192
2.4017e-08 0.00137660295089 189634.552156
2.3989e-08 0.00136815007195 188684.363
2.3962e-08 0.00135976967714 187724.88169
2.3934e-08 0.00135146137227 187054.35744
2.3907e-08 0.00134324567316 186092.387037
2.388e-08 0.00133505871351 185411.848379
2.3853e-08 0.00132698444445 184447.276153
2.3826e-08 0.00131898019718 183764.847619
2.3799e-08 0.00131102441671 182797.531423
2.3772e-08 0.0013031586911 182112.966353
2.3745e-08 0.00129534064602 181142.978004
2.3718e-08 0.00128759090185 180456.140535
2.3691e-08 0.00127992952382 179768.442952
2.3665e-08 0.00127231475801 179072.103192
2.3638e-08 0.00126476683827 178382.373343
2.3611e-08 0.0012572852281 177405.98074
2.3585e-08 0.00124986966043 176706.514288
2.3558e-08 0.00124249933575 176013.459919
2.3532e-08 0.00123521442192 175312.049898
2.3506e-08 0.00122797401289 174609.567732
2.3479e-08 0.00122079794481 173913.514779
2.3453e-08 0.00121366578777 173208.948859
2.3427e-08 0.00120661718167 172503.491207
2.3401e-08 0.00119961176828 171796.936217
2.3375e-08 0.00119266912627 171089.37636
2.3349e-08 0.00118576918365 170668.999133
2.3323e-08 0.00117893122367 169959.575559
2.3297e-08 0.00117215491746 169249.127857
2.3271e-08 0.00116542031006 168537.552325
2.3245e-08 0.00115874666602 167824.939407
2.322e-08 0.00115213366192 167393.693434
2.3194e-08 0.00114556137612 166679.180042
2.3168e-08 0.0011390489717 165963.609687
2.3143e-08 0.00113257690128 165530.144145
2.3117e-08 0.0011261639627 164812.638711
2.3092e-08 0.00111979073706 164086.856808
2.3067e-08 0.00111347614362 163651.233137
2.3041e-08 0.00110721963524 162930.704404
2.3016e-08 0.00110098313497 162493.576265
2.2991e-08 0.00109482305881 161764.018788
2.2966e-08 0.00108870139244 161325.564499
2.294e-08 0.00108261778019 160600.959831
2.2915e-08 0.00107659086628 160161.056292
2.289e-08 0.00107060149368 159427.449231
2.2866e-08 0.00106466819061 158979.136161
2.2841e-08 0.00105877192262 158243.553869
2.2816e-08 0.00105291264904 157800.640161
2.2791e-08 0.00104712689458 157357.251171
2.2766e-08 0.00104135903093 156618.717961
2.2742e-08 0.00103562747303 156166.780517
2.2717e-08 0.00102995018284 155721.14462
2.2692e-08 0.00102430855959 154979.639232
2.2668e-08 0.00101872067933 154525.656196
2.2644e-08 0.00101316805695 154071.019582
2.2619e-08 0.00100765050872 153622.517307
2.2595e-08 0.00100218572706 152870.376839
2.257e-08 0.000996755617996 152420.321091
2.2546e-08 0.000991359928172 151962.830617
2.2522e-08 0.000986016262685 151504.753973
2.2498e-08 0.000980706550385 151046.000982
2.2474e-08 0.000975430543204 150288.9664
2.245e-08 0.000970188207253 149828.582512
2.2426e-08 0.000964996866597 149367.595737
2.2402e-08 0.00095983867035 148905.91744
2.2378e-08 0.000954713445583 148443.543996
2.2354e-08 0.000949621020221 147980.471976
2.233e-08 0.000944578584233 147516.781157
2.2307e-08 0.000939568502515 147045.791855
2.2283e-08 0.000934573348133 146580.615838
2.2259e-08 0.000929627520438 146114.809485
2.2236e-08 0.000924730698582 145641.818316
2.2212e-08 0.000919848353721 145174.587971
2.2189e-08 0.000915014581901 144700.193579
2.2165e-08 0.000910212063235 144231.606454
2.2142e-08 0.000905440634513 143755.794543
2.2119e-08 0.000900700133344 143279.27599
2.2095e-08 0.000895990398152 142808.510381
2.2072e-08 0.000891328074562 142330.633276
2.2049e-08 0.0008866793408 141851.958475
2.2026e-08 0.000882077602079 141372.642578
2.2003e-08 0.000877505894319 140892.601691
2.198e-08 0.000872964060632 140411.832482
2.1957e-08 0.000868435380814 139930.252516
2.1934e-08 0.00086395293968 139751.824355
2.1911e-08 0.000859516310866 139269.199729
2.1888e-08 0.00085509242015 138785.754611
2.1865e-08 0.000850697630939 138301.56384
2.1842e-08 0.000846331791077 137816.623924
2.182e-08 0.000842011092924 137629.880423
2.1797e-08 0.000837702651639 137143.723059
2.1774e-08 0.000833438896509 136656.883136
2.1752e-08 0.000829187255642 136162.94313
2.1729e-08 0.000824979912109 135674.58861
2.1707e-08 0.000820800592088 135485.764251
2.1684e-08 0.000816633020204 134996.085026
2.1662e-08 0.000812509169944 134499.495138
2.164e-08 0.000808396990106 134309.42589
2.1617e-08 0.000804328091798 133817.794685
2.1595e-08 0.00080028643208 133319.201813
2.1573e-08 0.000796256085877 132819.776171
2.1551e-08 0.000792268580681 132628.100643
2.1529e-08 0.000788307829074 132127.493818
2.1507e-08 0.000784358158865 131935.026343
2.1485e-08 0.00078045065782 131433.152563
2.1463e-08 0.000776553987345 130930.430668
2.1441e-08 0.000772699240254 130736.806732
2.1419e-08 0.000768855075459 130232.800386
2.1397e-08 0.000765036979337 129728.009663
2.1375e-08 0.000761244873316 129533.061609
2.1354e-08 0.000757478505964 129020.926166
2.1332e-08 0.000753753167117 128825.299678
2.131e-08 0.000750037947127 128317.909827
2.1289e-08 0.000746348178447 128115.431362
2.1267e-08 0.000742683614303 127606.733393
2.1245e-08 0.00073904417985 127097.227468
2.1224e-08 0.000735414697844 126893.42039
2.1203e-08 0.00073182517013 126376.627941
2.1181e-08 0.0007282454154 126178.022324
2.116e-08 0.000724705274085 125659.91384
2.1139e-08 0.000721174728307 125454.58373
2.1117e-08 0.000717668559309 124941.013087
2.1096e-08 0.000714186749791 124734.906888
2.1075e-08 0.000710729062845 124214.081498
2.1054e-08 0.000707295481685 124007.194319
2.1033e-08 0.000703871031278 123484.968957
2.1012e-08 0.000700485215341 123277.292378
