0.103639 0.000011963249 6.908964 0.000000
0.207277 0.000005981653 6.929074 0.012976
0.310916 0.000003987763 6.963358 0.026440
0.414555 0.000002990820 7.012609 0.041012
0.518193 0.000002392659 7.078437 0.057569
0.621832 0.000001993881 7.165394 0.075521
0.725471 0.000001709040 7.276887 0.096786
0.829109 0.000001495412 7.419154 0.123750
0.932748 0.000001329254 7.602178 0.159128
1.036387 0.000001196328 7.842129 0.208105
1.140025 0.000001087572 8.166849 0.280901
1.243664 0.000000996941 8.625865 0.400082
1.347303 0.000000920253 9.291347 0.624249
1.450941 0.000000854521 9.897453 1.143174
1.554580 0.000000797553 8.467833 2.618196
1.658219 0.000000747705 7.633884 4.070978
1.761857 0.000000703723 5.833213 4.660762
1.865496 0.000000664627 6.890870 3.577651
1.969135 0.000000629647 6.601973 2.937445
2.072773 0.000000598164 4.126289 4.661519
2.176412 0.000000569680 4.632213 3.655007
2.280051 0.000000543786 5.694162 1.760689
2.383689 0.000000520143 6.708724 1.172879
2.487328 0.000000498470 7.811800 1.142491
2.590967 0.000000478531 8.804763 1.579308
2.694605 0.000000460127 7.901504 3.085101
2.798244 0.000000443085 6.741071 4.919072
2.901883 0.000000427260 5.579882 5.493548
3.005521 0.000000412527 2.967367 6.248140
3.109160 0.000000398776 2.884892 5.386390
3.212799 0.000000385912 4.133984 3.107517
3.316437 0.000000373853 5.046543 2.052117
3.420076 0.000000362524 5.161371 2.406078
3.523715 0.000000351861 5.495390 2.378784
3.627353 0.000000341808 6.470967 2.446110
3.730992 0.000000332314 7.227526 2.437782
3.834631 0.000000323332 5.405644 4.250322
3.938269 0.000000314823 4.985021 5.095647
4.041908 0.000000306751 5.068359 4.903916
4.145547 0.000000299082 4.426469 4.519946
4.249185 0.000000291788 2.163874 6.157944
4.352824 0.000000284840 2.542200 4.946953
4.456463 0.000000278216 3.698583 3.089662
4.560101 0.000000271893 4.001683 2.609375
4.663740 0.000000265851 4.381949 3.080222
4.767379 0.000000260071 4.927593 2.723647
4.871017 0.000000254538 5.159512 3.294431
4.974656 0.000000249235 4.824609 3.904964
5.078295 0.000000244149 3.693259 4.995067
5.181933 0.000000239266 3.198693 4.838732
5.285572 0.000000234574 2.377623 4.952500
5.389211 0.000000230063 3.111277 3.976469
5.492849 0.000000225722 3.659924 2.995809
5.596488 0.000000221542 3.786314 3.434738
5.700127 0.000000217514 4.731003 3.016214
5.803765 0.000000213630 5.078740 3.414634
5.907404 0.000000209882 5.160145 4.330145
6.011043 0.000000206264 2.871398 5.926076
6.114681 0.000000202768 1.536014 6.924831
6.218320 0.000000199388 1.597807 5.704806
6.321959 0.000000196119 2.259965 4.758335
6.425597 0.000000192956 0.746678 4.929073
6.529236 0.000000189893 0.129177 5.512093
6.632875 0.000000186926 0.632601 3.713695
6.736513 0.000000184051 1.517147 2.878713
6.840152 0.000000181262 1.989820 2.397146
6.943791 0.000000178557 2.207803 2.636885
7.047429 0.000000175931 2.105933 2.905711
7.151068 0.000000173381 2.368721 2.903877
7.254707 0.000000170904 2.263912 2.934610
7.358345 0.000000168497 2.564260 2.915042
7.461984 0.000000166157 2.494457 3.085014
7.565623 0.000000163881 2.606247 3.173703
7.669261 0.000000161666 2.797919 3.140068
7.772900 0.000000159511 2.918391 3.481762
7.876539 0.000000157412 2.443566 3.874705
7.980177 0.000000155367 1.332405 4.669504
8.083816 0.000000153375 1.236040 4.529133
8.187455 0.000000151434 1.197772 3.903374
8.291093 0.000000149541 1.478067 3.719075
8.394732 0.000000147695 1.033133 3.681332
8.498371 0.000000145894 0.241611 4.092613
8.602010 0.000000144136 0.128540 3.817947
8.705648 0.000000142420 0.604353 2.847099
8.809287 0.000000140745 0.859696 2.449917
8.912926 0.000000139108 0.903023 2.501283
9.016564 0.000000137509 0.853547 2.468829
9.120203 0.000000135946 0.735952 2.449701
9.223842 0.000000134419 1.131614 2.045299
9.327480 0.000000132925 1.340205 1.791632
9.431119 0.000000131465 1.760286 1.765531
9.534758 0.000000130036 2.129379 1.637497
9.638396 0.000000128638 1.654522 2.221074
9.742035 0.000000127269 1.639646 2.343568
9.845674 0.000000125929 1.788551 2.137240
9.949312 0.000000124618 2.123297 1.981865
10.052951 0.000000123333 2.439013 1.962287
10.156590 0.000000122074 2.344897 2.257732
10.260228 0.000000120841 2.063271 2.772076
10.363867 0.000000119633 1.916355 2.765462
10.467506 0.000000118448 2.016629 2.759626
10.571144 0.000000117287 2.378230 2.465903
10.674783 0.000000116148 1.840776 2.999409
10.778422 0.000000115032 1.844518 3.012247
10.882060 0.000000113936 1.941905 2.938913
10.985699 0.000000112861 2.401738 2.633689
11.089338 0.000000111806 2.680101 2.821822
11.192976 0.000000110771 2.163273 3.474259
11.296615 0.000000109755 1.724994 4.044901
11.400254 0.000000108757 1.453529 4.118413
11.503892 0.000000107777 0.161139 4.638697
11.607531 0.000000106815 0.609834 4.105042
11.711170 0.000000105870 0.975732 3.169941
11.814808 0.000000104941 0.590512 3.555247
11.918447 0.000000104029 0.319085 3.692753
12.022086 0.000000103132 0.358626 3.455966
12.125724 0.000000102250 0.274027 3.234514
12.229363 0.000000101384 0.463143 3.152518
12.333002 0.000000100532 0.958946 2.789229
12.436640 0.000000099694 0.968891 3.003519
12.540279 0.000000098870 -0.084852 3.905481
12.643918 0.000000098060 -0.912994 4.291883
12.747556 0.000000097263 -1.149018 3.747781
12.851195 0.000000096478 -0.821696 2.898794
12.954834 0.000000095706 -0.575884 2.399394
13.058472 0.000000094947 -0.495455 2.251536
13.162111 0.000000094199 -0.401197 2.182610
13.265750 0.000000093463 -0.234763 2.070697
13.369388 0.000000092739 -0.369290 2.109985
13.473027 0.000000092025 -0.521408 2.158546
13.576666 0.000000091323 -0.446188 1.989509
13.680304 0.000000090631 -0.253290 1.686580
13.783943 0.000000089950 -0.234623 1.631603
13.887582 0.000000089278 -0.021118 1.540411
13.991220 0.000000088617 0.102686 1.474524
14.094859 0.000000087965 0.164839 1.566047
14.198498 0.000000087323 -0.022276 1.706438
14.302136 0.000000086690 -0.048821 1.800440
14.405775 0.000000086067 -0.230511 1.736610
14.509414 0.000000085452 -0.139716 1.652956
14.613052 0.000000084846 -0.163029 1.491420
14.716691 0.000000084249 -0.220218 1.522262
14.820330 0.000000083659 -0.239121 1.409591
14.923968 0.000000083078 -0.151909 1.257860
15.027607 0.000000082505 -0.052530 1.113815
15.131246 0.000000081940 0.134311 0.988677
15.234884 0.000000081383 0.274766 0.946358
15.338523 0.000000080833 0.265587 1.002810
15.442162 0.000000080291 0.318909 1.102684
15.545800 0.000000079755 0.447453 1.029596
15.649439 0.000000079227 0.305713 1.156447
15.753078 0.000000078706 0.213367 1.279391
15.856716 0.000000078191 0.313406 1.169623
15.960355 0.000000077684 0.371502 1.071125
16.063994 0.000000077182 0.204058 1.229823
16.167632 0.000000076688 0.057266 1.257413
16.271271 0.000000076199 0.118442 1.107265
16.374910 0.000000075717 0.248099 0.911176
16.478548 0.000000075241 0.372124 0.822361
16.582187 0.000000074771 0.385949 0.854826
16.685826 0.000000074306 0.491473 0.859304
16.789464 0.000000073847 0.425294 0.880441
16.893103 0.000000073394 0.416046 0.960856
16.996742 0.000000072947 0.413480 0.884053
17.100380 0.000000072505 0.457186 0.855746
17.204019 0.000000072068 0.552594 0.779221
17.307658 0.000000071636 0.695447 0.702250
17.411296 0.000000071210 0.799997 0.741012
17.514935 0.000000070789 0.856654 0.789189
17.618574 0.000000070372 0.774021 0.954103
17.722212 0.000000069961 0.739168 1.062760
17.825851 0.000000069554 0.843327 0.995979
17.929490 0.000000069152 0.807776 1.082664
18.033128 0.000000068755 0.724873 1.216726
18.136767 0.000000068362 0.517146 1.321868
18.240406 0.000000067973 0.366749 1.409432
18.344044 0.000000067589 0.432546 1.224405
18.447683 0.000000067209 0.325102 1.213098
18.551322 0.000000066834 0.297949 1.164344
18.654960 0.000000066463 0.374299 1.078376
18.758599 0.000000066096 0.393295 1.001091
18.862238 0.000000065732 0.200577 1.104808
18.965876 0.000000065373 0.198501 1.102730
19.069515 0.000000065018 0.165489 0.931949
19.173154 0.000000064666 0.256083 0.863857
19.276792 0.000000064319 0.337323 0.723832
19.380431 0.000000063975 0.388101 0.742655
19.484070 0.000000063635 0.316894 0.754030
19.587708 0.000000063298 0.356287 0.779068
19.691347 0.000000062965 0.472544 0.657546
19.794986 0.000000062635 0.310176 0.748738
19.898624 0.000000062309 0.258756 0.801167
20.002263 0.000000061986 0.322047 0.674348
20.105902 0.000000061666 0.382156 0.554140
20.209540 0.000000061350 0.330524 0.589959
20.313179 0.000000061037 0.395883 0.525114
20.416818 0.000000060727 0.436729 0.451535
20.520456 0.000000060421 0.532012 0.416812
20.624095 0.000000060117 0.607467 0.376172
20.727734 0.000000059816 0.664006 0.405316
20.831372 0.000000059519 0.601243 0.457467
20.935011 0.000000059224 0.578993 0.530594
21.038650 0.000000058932 0.622552 0.455674
21.142288 0.000000058644 0.653612 0.426233
21.245927 0.000000058358 0.715836 0.406829
21.349566 0.000000058074 0.734224 0.413143
21.453204 0.000000057794 0.728478 0.464113
21.556843 0.000000057516 0.676463 0.476352
21.660482 0.000000057241 0.669582 0.485397
21.764120 0.000000056968 0.784662 0.383859
21.867759 0.000000056698 0.843941 0.347909
21.971398 0.000000056431 0.851523 0.413135
22.075036 0.000000056166 0.815830 0.461238
22.178675 0.000000055903 0.835316 0.469615
22.282314 0.000000055643 0.796959 0.476132
22.385952 0.000000055386 0.799621 0.485706
22.489591 0.000000055130 0.885595 0.418487
22.593230 0.000000054877 0.898406 0.401675
22.696868 0.000000054627 0.893255 0.460643
22.800507 0.000000054379 0.925830 0.458365
22.904146 0.000000054133 0.955160 0.447971
23.007784 0.000000053889 0.874167 0.519536
23.111423 0.000000053647 0.885025 0.534129
23.215062 0.000000053408 0.886907 0.480082
23.318700 0.000000053170 0.862803 0.498402
23.422339 0.000000052935 0.883472 0.463360
23.525978 0.000000052702 0.999533 0.383288
23.629616 0.000000052471 1.075015 0.355772
23.733255 0.000000052241 1.054926 0.435245
23.836894 0.000000052014 1.088971 0.482083
23.940532 0.000000051789 1.084243 0.513617
24.044171 0.000000051566 1.030507 0.565041
24.147810 0.000000051345 1.004925 0.605032
24.251448 0.000000051125 1.006557 0.578118
24.355087 0.000000050908 1.048533 0.557266
24.458726 0.000000050692 1.083119 0.543583
24.562364 0.000000050478 1.086455 0.577030
24.666003 0.000000050266 1.012913 0.656111
24.769642 0.000000050056 1.046732 0.653546
24.873280 0.000000049847 0.990482 0.662846
24.976919 0.000000049640 0.880948 0.735559
25.080558 0.000000049435 0.846271 0.703104
25.184196 0.000000049232 0.933868 0.579011
25.287835 0.000000049030 0.975205 0.516319
25.391474 0.000000048830 1.044471 0.509218
25.495113 0.000000048631 1.035607 0.528670
25.598751 0.000000048434 1.076185 0.563631
25.702390 0.000000048239 1.101467 0.546900
25.806029 0.000000048045 1.116913 0.603739
25.909667 0.000000047853 1.091168 0.641452
26.013306 0.000000047662 1.055543 0.697202
26.116945 0.000000047473 1.017849 0.723816
26.220583 0.000000047286 0.998089 0.716664
26.324222 0.000000047100 0.999425 0.715250
26.427861 0.000000046915 0.993320 0.695405
26.531499 0.000000046732 0.989348 0.719155
26.635138 0.000000046550 0.951412 0.716307
26.738777 0.000000046369 0.895546 0.760944
26.842415 0.000000046190 0.814439 0.746617
26.946054 0.000000046013 0.823072 0.698751
27.049693 0.000000045836 0.912383 0.564757
27.153331 0.000000045661 0.978892 0.518553
27.256970 0.000000045488 1.061827 0.511145
27.360609 0.000000045315 1.128950 0.523903
27.464247 0.000000045144 1.085909 0.614660
27.567886 0.000000044975 0.990442 0.720417
27.671525 0.000000044806 0.952033 0.744683
27.775163 0.000000044639 1.038119 0.660644
27.878802 0.000000044473 1.072676 0.630309
27.982441 0.000000044308 0.961632 0.740505
28.086079 0.000000044145 0.844926 0.823380
28.189718 0.000000043983 0.825582 0.750810
28.293357 0.000000043822 0.890563 0.639255
28.396995 0.000000043662 0.954361 0.567369
28.500634 0.000000043503 0.977899 0.568165
28.604273 0.000000043345 0.993661 0.573973
28.707911 0.000000043189 1.059179 0.569270
28.811550 0.000000043033 1.081551 0.570488
28.915189 0.000000042879 1.120060 0.602501
29.018827 0.000000042726 1.094941 0.662540
29.122466 0.000000042574 1.021786 0.734647
29.226105 0.000000042423 1.057286 0.722410
29.329743 0.000000042273 1.096992 0.684546
29.433382 0.000000042124 1.020087 0.753055
29.537021 0.000000041976 0.991384 0.793637
29.640659 0.000000041830 1.060363 0.735662
29.744298 0.000000041684 1.124009 0.711399
29.847937 0.000000041539 1.085943 0.791980
29.951575 0.000000041395 0.985826 0.915192
30.055214 0.000000041253 0.914816 0.933502
30.158853 0.000000041111 0.813221 0.955977
30.262491 0.000000040970 0.819952 0.905267
30.366130 0.000000040830 0.833252 0.828198
30.469769 0.000000040691 0.825516 0.808282
30.573407 0.000000040554 0.808915 0.806390
30.677046 0.000000040417 0.841935 0.789084
30.780685 0.000000040280 0.895798 0.748795
30.884323 0.000000040145 0.865243 0.771074
30.987962 0.000000040011 0.783069 0.872547
31.091601 0.000000039878 0.714498 0.872960
31.195239 0.000000039745 0.679020 0.847088
31.298878 0.000000039614 0.712752 0.773449
31.402517 0.000000039483 0.716290 0.726362
31.506155 0.000000039353 0.703812 0.720342
31.609794 0.000000039224 0.720072 0.710258
31.713433 0.000000039096 0.775612 0.651748
31.817071 0.000000038968 0.766734 0.669147
31.920710 0.000000038842 0.760832 0.694536
32.024349 0.000000038716 0.708253 0.718232
32.127987 0.000000038591 0.641764 0.747751
32.231626 0.000000038467 0.689687 0.680818
32.335265 0.000000038344 0.758643 0.595155
32.438903 0.000000038221 0.758949 0.616650
32.542542 0.000000038100 0.684958 0.679881
32.646181 0.000000037979 0.635525 0.698931
32.749819 0.000000037859 0.653299 0.644926
32.853458 0.000000037739 0.650010 0.597395
32.957097 0.000000037620 0.688942 0.572703
33.060735 0.000000037502 0.722677 0.526469
33.164374 0.000000037385 0.691436 0.564974
33.268013 0.000000037269 0.673347 0.574613
33.371651 0.000000037153 0.664847 0.543738
33.475290 0.000000037038 0.687600 0.507770
33.578929 0.000000036924 0.738007 0.465471
33.682567 0.000000036810 0.816907 0.430584
33.786206 0.000000036697 0.818311 0.453292
33.889845 0.000000036585 0.791283 0.527618
33.993483 0.000000036473 0.733517 0.557910
34.097122 0.000000036363 0.731513 0.545840
34.200761 0.000000036252 0.789539 0.482875
34.304399 0.000000036143 0.807622 0.480397
34.408038 0.000000036034 0.831323 0.490989
34.511677 0.000000035926 0.780095 0.544382
34.615315 0.000000035818 0.713841 0.595864
34.718954 0.000000035711 0.700877 0.573169
34.822593 0.000000035605 0.674588 0.537293
34.926231 0.000000035499 0.708667 0.496416
35.029870 0.000000035394 0.750395 0.441630
35.133509 0.000000035290 0.743277 0.454367
35.237147 0.000000035186 0.738667 0.469245
35.340786 0.000000035083 0.738986 0.452483
35.444425 0.000000034980 0.726950 0.461784
35.548063 0.000000034878 0.721965 0.442579
35.651702 0.000000034777 0.744327 0.418471
35.755341 0.000000034676 0.748131 0.399544
35.858979 0.000000034576 0.756669 0.386436
35.962618 0.000000034476 0.766858 0.378592
36.066257 0.000000034377 0.797874 0.350460
36.169895 0.000000034279 0.848508 0.329254
36.273534 0.000000034181 0.908552 0.315185
36.377173 0.000000034083 0.854975 0.371180
36.480811 0.000000033987 0.814328 0.435995
36.584450 0.000000033890 0.849485 0.388990
36.688089 0.000000033795 0.893780 0.342783
36.791727 0.000000033699 0.876090 0.365025
36.895366 0.000000033605 0.898072 0.387865
36.999005 0.000000033511 0.936102 0.355891
37.102643 0.000000033417 0.932096 0.381773
37.206282 0.000000033324 0.932954 0.407516
37.309921 0.000000033231 0.947441 0.415828
37.413559 0.000000033139 0.956835 0.416400
37.517198 0.000000033048 0.914640 0.465060
37.620837 0.000000032957 0.873864 0.487085
37.724475 0.000000032866 0.902396 0.449148
37.828114 0.000000032776 0.932479 0.421931
37.931753 0.000000032687 0.947891 0.422994
38.035391 0.000000032598 0.937130 0.449390
38.139030 0.000000032509 0.921506 0.471663
38.242669 0.000000032421 0.938196 0.467553
38.346307 0.000000032333 0.961343 0.447702
38.449946 0.000000032246 0.943266 0.476671
38.553585 0.000000032159 0.942006 0.502522
38.657223 0.000000032073 0.975570 0.483913
38.760862 0.000000031987 0.928961 0.530028
38.864501 0.000000031902 0.896027 0.568577
38.968139 0.000000031817 0.851818 0.563477
39.071778 0.000000031733 0.836027 0.569086
39.175417 0.000000031649 0.862157 0.506222
39.279055 0.000000031565 0.871870 0.499959
39.382694 0.000000031482 0.879091 0.490401
39.486333 0.000000031400 0.857369 0.517492
39.589971 0.000000031318 0.867487 0.504455
39.693610 0.000000031236 0.871910 0.498319
39.797249 0.000000031154 0.851434 0.506753
39.900887 0.000000031073 0.814456 0.525870
40.004526 0.000000030993 0.849457 0.493708
40.108165 0.000000030913 0.878801 0.453976
40.211803 0.000000030833 0.891176 0.467159
40.315442 0.000000030754 0.858604 0.493992
40.419081 0.000000030675 0.827886 0.520472
40.522719 0.000000030597 0.829417 0.500202
40.626358 0.000000030519 0.878202 0.453110
40.729997 0.000000030441 0.894534 0.449653
40.833635 0.000000030364 0.861597 0.478976
40.937274 0.000000030287 0.831151 0.516405
41.040913 0.000000030210 0.858632 0.473025
41.144551 0.000000030134 0.871700 0.446764
41.248190 0.000000030059 0.875102 0.462986
41.351829 0.000000029983 0.928845 0.429246
41.455467 0.000000029908 1.004214 0.420582
41.559106 0.000000029834 0.973458 0.469929
41.662745 0.000000029759 0.909538 0.585047
41.766383 0.000000029686 0.851431 0.600985
41.870022 0.000000029612 0.810780 0.608355
41.973661 0.000000029539 0.842784 0.546697
42.077299 0.000000029466 0.853702 0.522542
42.180938 0.000000029394 0.909826 0.506934
42.284577 0.000000029322 0.906745 0.530509
42.388216 0.000000029250 0.831733 0.609119
42.491854 0.000000029179 0.774792 0.648398
42.595493 0.000000029108 0.727436 0.638697
42.699132 0.000000029037 0.715598 0.604046
42.802770 0.000000028967 0.758770 0.544245
42.906409 0.000000028897 0.703803 0.540503
43.010048 0.000000028827 0.669835 0.569440
43.113686 0.000000028758 0.726484 0.486322
43.217325 0.000000028689 0.755439 0.448280
43.320964 0.000000028620 0.777304 0.460702
43.424602 0.000000028552 0.740089 0.484754
43.528241 0.000000028484 0.713837 0.513391
43.631880 0.000000028416 0.693419 0.496528
43.735518 0.000000028349 0.680906 0.473651
43.839157 0.000000028282 0.716000 0.439495
43.942796 0.000000028215 0.742360 0.398955
44.046434 0.000000028149 0.743121 0.407650
44.150073 0.000000028083 0.703955 0.437902
44.253712 0.000000028017 0.730101 0.409085
44.357350 0.000000027952 0.711392 0.389343
44.460989 0.000000027886 0.749960 0.372293
44.564628 0.000000027822 0.777443 0.331935
44.668266 0.000000027757 0.795131 0.348481
44.771905 0.000000027693 0.843791 0.332156
44.875544 0.000000027629 0.860476 0.345515
44.979182 0.000000027565 0.828873 0.398453
45.082821 0.000000027502 0.806489 0.427546
45.186460 0.000000027439 0.819030 0.419642
45.290098 0.000000027376 0.803831 0.420423
45.393737 0.000000027313 0.773808 0.448574
45.497376 0.000000027251 0.758963 0.437672
45.601014 0.000000027189 0.758798 0.420022
45.704653 0.000000027128 0.771415 0.398632
45.808292 0.000000027066 0.792735 0.382117
45.911930 0.000000027005 0.807610 0.369989
46.015569 0.000000026944 0.804037 0.389478
46.119208 0.000000026884 0.792204 0.411971
46.222846 0.000000026824 0.802620 0.396608
46.326485 0.000000026764 0.784986 0.414206
46.430124 0.000000026704 0.746634 0.432397
46.533762 0.000000026644 0.756294 0.415239
46.637401 0.000000026585 0.767982 0.390739
46.741040 0.000000026526 0.720192 0.397992
46.844678 0.000000026467 0.725182 0.405693
46.948317 0.000000026409 0.745865 0.346385
47.051956 0.000000026351 0.738489 0.346448
47.155594 0.000000026293 0.770143 0.320978
47.259233 0.000000026235 0.806062 0.293667
47.362872 0.000000026178 0.819876 0.301719
47.466510 0.000000026121 0.816423 0.328221
47.570149 0.000000026064 0.799334 0.338808
47.673788 0.000000026007 0.791719 0.342965
47.777426 0.000000025951 0.808775 0.320891
47.881065 0.000000025895 0.847399 0.298164
47.984704 0.000000025839 0.859474 0.297639
48.088342 0.000000025783 0.900728 0.305764
48.191981 0.000000025727 0.894088 0.325974
48.295620 0.000000025672 0.889395 0.377654
48.399258 0.000000025617 0.831832 0.403857
48.502897 0.000000025563 0.804287 0.430135
48.606536 0.000000025508 0.806156 0.396897
48.710174 0.000000025454 0.813675 0.376458
48.813813 0.000000025400 0.836919 0.362626
48.917452 0.000000025346 0.823892 0.373898
49.021090 0.000000025292 0.800139 0.396824
49.124729 0.000000025239 0.781344 0.394776
49.228368 0.000000025186 0.781884 0.376317
49.332006 0.000000025133 0.781167 0.358699
49.435645 0.000000025080 0.801268 0.339789
49.539284 0.000000025028 0.837264 0.311158
49.642922 0.000000024976 0.830770 0.324062
49.746561 0.000000024924 0.822323 0.346670
49.850200 0.000000024872 0.844505 0.332316
49.953838 0.000000024820 0.876060 0.318301
50.057477 0.000000024769 0.892294 0.331728
50.161116 0.000000024718 0.874445 0.373831
50.264754 0.000000024667 0.824165 0.413024
50.368393 0.000000024616 0.788529 0.438370
50.472032 0.000000024565 0.809202 0.404963
50.575670 0.000000024515 0.764368 0.390114
50.679309 0.000000024465 0.738054 0.417537
50.782948 0.000000024415 0.742358 0.369493
50.886586 0.000000024365 0.773871 0.327612
50.990225 0.000000024316 0.818098 0.290775
51.093864 0.000000024266 0.809815 0.306702
51.197502 0.000000024217 0.793529 0.329334
51.301141 0.000000024168 0.810531 0.319417
51.404780 0.000000024120 0.828374 0.299956
51.508418 0.000000024071 0.845017 0.300251
51.612057 0.000000024023 0.841825 0.310835
51.715696 0.000000023975 0.819282 0.336819
51.819334 0.000000023927 0.868339 0.316694
51.922973 0.000000023879 0.848680 0.312682
52.026612 0.000000023831 0.771538 0.385821
52.130250 0.000000023784 0.793423 0.350637
52.233889 0.000000023737 0.835787 0.288952
52.337528 0.000000023690 0.836486 0.291264
52.441166 0.000000023643 0.857571 0.300941
52.544805 0.000000023596 0.845033 0.303713
52.648444 0.000000023550 0.809866 0.338175
52.752082 0.000000023504 0.843156 0.306232
52.855721 0.000000023457 0.848872 0.282078
52.959360 0.000000023412 0.856324 0.294738
53.062998 0.000000023366 0.902260 0.272815
53.166637 0.000000023320 0.906692 0.281542
53.270276 0.000000023275 0.901198 0.318028
53.373914 0.000000023230 0.865749 0.345558
53.477553 0.000000023185 0.833205 0.361625
53.581192 0.000000023140 0.849173 0.333855
53.684830 0.000000023095 0.857773 0.304764
53.788469 0.000000023051 0.880435 0.295462
53.892108 0.000000023006 0.909906 0.282382
53.995746 0.000000022962 0.885207 0.307972
54.099385 0.000000022918 0.872007 0.324054
54.203024 0.000000022874 0.865076 0.315562
54.306662 0.000000022831 0.905997 0.275470
54.410301 0.000000022787 0.960462 0.245702
54.513940 0.000000022744 0.998259 0.249290
54.617578 0.000000022701 1.029693 0.278699
54.721217 0.000000022658 1.002521 0.323932
54.824856 0.000000022615 0.971340 0.384849
54.928494 0.000000022572 0.969967 0.380899
55.032133 0.000000022530 0.987764 0.367835
55.135772 0.000000022487 0.992252 0.373809
55.239410 0.000000022445 1.016706 0.379900
55.343049 0.000000022403 1.050847 0.382839
55.446688 0.000000022361 1.042405 0.424425
55.550326 0.000000022320 1.006500 0.483712
55.653965 0.000000022278 0.980336 0.520462
55.757604 0.000000022237 0.960435 0.525312
55.861242 0.000000022195 0.933119 0.538428
55.964881 0.000000022154 0.952191 0.531579
56.068520 0.000000022113 0.947803 0.525258
56.172158 0.000000022072 0.939769 0.558252
56.275797 0.000000022032 0.877916 0.599175
56.379436 0.000000021991 0.848653 0.620320
56.483074 0.000000021951 0.893961 0.574109
56.586713 0.000000021911 0.847058 0.588126
56.690352 0.000000021871 0.777170 0.659023
56.793990 0.000000021831 0.748853 0.632207
56.897629 0.000000021791 0.741119 0.614788
57.001268 0.000000021751 0.786991 0.555958
57.104906 0.000000021712 0.795856 0.554060
57.208545 0.000000021673 0.715706 0.618201
57.312184 0.000000021633 0.671085 0.652619
57.415822 0.000000021594 0.628707 0.621748
57.519461 0.000000021555 0.607590 0.601142
57.623100 0.000000021517 0.623272 0.550721
57.726738 0.000000021478 0.614510 0.528187
57.830377 0.000000021440 0.601553 0.515523
57.934016 0.000000021401 0.559442 0.524324
58.037654 0.000000021363 0.591892 0.478767
58.141293 0.000000021325 0.595595 0.432996
58.244932 0.000000021287 0.565008 0.452538
58.348570 0.000000021249 0.556940 0.434324
58.452209 0.000000021212 0.587878 0.388668
58.555848 0.000000021174 0.609383 0.347025
58.659486 0.000000021137 0.625850 0.351278
58.763125 0.000000021099 0.626261 0.339393
58.866764 0.000000021062 0.602171 0.358402
58.970402 0.000000021025 0.635872 0.328208
59.074041 0.000000020988 0.684678 0.280781
59.177680 0.000000020951 0.678416 0.298554
59.281319 0.000000020915 0.692537 0.319278
59.384957 0.000000020878 0.701084 0.305626
59.488596 0.000000020842 0.713545 0.325659
59.592235 0.000000020806 0.727947 0.319673
59.695873 0.000000020770 0.677469 0.361741
59.799512 0.000000020734 0.652198 0.386857
59.903151 0.000000020698 0.653684 0.351087
60.006789 0.000000020662 0.661745 0.329864
60.110428 0.000000020626 0.695100 0.301134
60.214067 0.000000020591 0.715463 0.297862
60.317705 0.000000020555 0.726558 0.307456
60.421344 0.000000020520 0.691090 0.342009
60.524983 0.000000020485 0.635647 0.380982
60.628621 0.000000020450 0.639697 0.350621
60.732260 0.000000020415 0.673574 0.300596
60.835899 0.000000020380 0.698330 0.279163
60.939537 0.000000020346 0.708485 0.283227
61.043176 0.000000020311 0.709907 0.299345
61.146815 0.000000020277 0.720782 0.304529
61.250453 0.000000020242 0.708301 0.314936
61.354092 0.000000020208 0.664480 0.351090
61.457731 0.000000020174 0.640949 0.349556
61.561369 0.000000020140 0.647000 0.313071
61.665008 0.000000020106 0.681338 0.274789
61.768647 0.000000020073 0.715815 0.252787
61.872285 0.000000020039 0.715232 0.261197
61.975924 0.000000020005 0.702958 0.288213
62.079563 0.000000019972 0.719433 0.282322
62.183201 0.000000019939 0.728406 0.273746
62.286840 0.000000019906 0.724122 0.287836
62.390479 0.000000019873 0.721319 0.297276
62.494117 0.000000019840 0.724762 0.292299
62.597756 0.000000019807 0.759872 0.282353
62.701395 0.000000019774 0.770179 0.284291
62.805033 0.000000019741 0.753606 0.322760
62.908672 0.000000019709 0.727931 0.354344
63.012311 0.000000019676 0.692853 0.370030
63.115949 0.000000019644 0.697769 0.358913
63.219588 0.000000019612 0.719500 0.333730
63.323227 0.000000019580 0.686398 0.351155
63.426865 0.000000019548 0.672134 0.373250
63.530504 0.000000019516 0.672324 0.354671
63.634143 0.000000019484 0.653633 0.356300
63.737781 0.000000019453 0.636985 0.367945
63.841420 0.000000019421 0.633397 0.346737
63.945059 0.000000019389 0.616352 0.348872
64.048697 0.000000019358 0.594686 0.341608
64.152336 0.000000019327 0.574876 0.335417
64.255975 0.000000019296 0.575706 0.302082
64.359613 0.000000019265 0.602193 0.264000
64.463252 0.000000019234 0.623786 0.236266
64.566891 0.000000019203 0.661027 0.223122
64.670529 0.000000019172 0.668678 0.226356
64.774168 0.000000019141 0.647520 0.259068
64.877807 0.000000019111 0.644948 0.266457
64.981445 0.000000019080 0.654984 0.253092
65.085084 0.000000019050 0.654320 0.252338
65.188723 0.000000019020 0.658436 0.253503
65.292361 0.000000018989 0.653188 0.256283
65.396000 0.000000018959 0.653692 0.257838
65.499639 0.000000018929 0.638534 0.266893
65.603277 0.000000018899 0.628049 0.264374
65.706916 0.000000018870 0.637382 0.254465
65.810555 0.000000018840 0.634937 0.246546
65.914193 0.000000018810 0.622361 0.250301
66.017832 0.000000018781 0.609295 0.252015
66.121471 0.000000018751 0.619516 0.231456
66.225109 0.000000018722 0.622972 0.218907
66.328748 0.000000018693 0.620480 0.210352
66.432387 0.000000018663 0.637728 0.205959
66.536025 0.000000018634 0.649357 0.189544
66.639664 0.000000018605 0.639594 0.198247
66.743303 0.000000018577 0.628113 0.210655
66.846941 0.000000018548 0.646633 0.188694
66.950580 0.000000018519 0.667182 0.172892
67.054219 0.000000018490 0.675725 0.176010
67.157857 0.000000018462 0.654079 0.197576
67.261496 0.000000018433 0.642189 0.209670
67.365135 0.000000018405 0.657747 0.186972
67.468773 0.000000018377 0.656058 0.179176
67.572412 0.000000018349 0.659812 0.181144
67.676051 0.000000018321 0.675169 0.167658
67.779689 0.000000018292 0.695527 0.160905
67.883328 0.000000018265 0.704399 0.171471
67.986967 0.000000018237 0.697279 0.188492
68.090605 0.000000018209 0.663327 0.217628
68.194244 0.000000018181 0.646387 0.223200
68.297883 0.000000018154 0.653362 0.202996
68.401521 0.000000018126 0.657575 0.183189
68.505160 0.000000018099 0.657012 0.185237
68.608799 0.000000018071 0.668498 0.174736
68.712437 0.000000018044 0.675713 0.172038
68.816076 0.000000018017 0.663295 0.182530
68.919715 0.000000017990 0.655741 0.187835
69.023353 0.000000017963 0.653359 0.179129
69.126992 0.000000017936 0.660917 0.170007
69.230631 0.000000017909 0.669354 0.160272
69.334269 0.000000017882 0.673633 0.161359
69.437908 0.000000017856 0.657497 0.168889
69.541547 0.000000017829 0.662363 0.168372
69.645185 0.000000017803 0.681392 0.145794
69.748824 0.000000017776 0.672121 0.154456
69.852463 0.000000017750 0.674005 0.159172
69.956101 0.000000017723 0.682421 0.151056
70.059740 0.000000017697 0.684244 0.151393
70.163379 0.000000017671 0.685294 0.154874
70.267017 0.000000017645 0.671693 0.162007
70.370656 0.000000017619 0.678400 0.159103
70.474295 0.000000017593 0.686269 0.145406
70.577933 0.000000017567 0.703637 0.143029
70.681572 0.000000017541 0.711110 0.147737
70.785211 0.000000017516 0.698140 0.166825
70.888849 0.000000017490 0.664868 0.194360
70.992488 0.000000017465 0.652797 0.191694
71.096127 0.000000017439 0.643070 0.176580
71.199765 0.000000017414 0.653153 0.158486
71.303404 0.000000017388 0.676542 0.134220
71.407043 0.000000017363 0.693290 0.128753
71.510681 0.000000017338 0.695934 0.141453
71.614320 0.000000017313 0.682396 0.160388
71.717959 0.000000017288 0.653355 0.180412
71.821597 0.000000017263 0.639796 0.180100
71.925236 0.000000017238 0.641210 0.162785
72.028875 0.000000017213 0.641603 0.145486
72.132513 0.000000017189 0.641759 0.141513
72.236152 0.000000017164 0.649522 0.127882
72.339791 0.000000017139 0.651321 0.122286
72.443429 0.000000017115 0.660330 0.116649
72.547068 0.000000017090 0.669964 0.113351
72.650707 0.000000017066 0.661465 0.118483
72.754345 0.000000017042 0.658718 0.125060
72.857984 0.000000017017 0.654828 0.121536
72.961623 0.000000016993 0.648890 0.119442
73.065261 0.000000016969 0.657855 0.109768
73.168900 0.000000016945 0.671774 0.096067
73.272539 0.000000016921 0.667072 0.101710
73.376177 0.000000016897 0.665366 0.108771
73.479816 0.000000016873 0.655318 0.107849
73.583455 0.000000016850 0.653547 0.108214
73.687093 0.000000016826 0.655790 0.095949
73.790732 0.000000016802 0.662487 0.089018
73.894371 0.000000016779 0.674436 0.078479
73.998009 0.000000016755 0.679125 0.079967
74.101648 0.000000016732 0.673775 0.087111
74.205287 0.000000016709 0.665125 0.094720
74.308925 0.000000016685 0.663417 0.088337
74.412564 0.000000016662 0.665090 0.083774
74.516203 0.000000016639 0.675107 0.072052
74.619841 0.000000016616 0.680308 0.069311
74.723480 0.000000016593 0.686636 0.069352
74.827119 0.000000016570 0.679795 0.077990
74.930757 0.000000016547 0.674543 0.082859
75.034396 0.000000016524 0.668180 0.081502
75.138035 0.000000016501 0.673757 0.076423
75.241673 0.000000016478 0.675012 0.069279
75.345312 0.000000016456 0.666443 0.077151
75.448951 0.000000016433 0.657334 0.076559
75.552589 0.000000016411 0.648589 0.072855
75.656228 0.000000016388 0.643046 0.063925
75.759867 0.000000016366 0.653416 0.045319
75.863505 0.000000016343 0.662721 0.029183
75.967144 0.000000016321 0.668391 0.024317
76.070783 0.000000016299 0.676040 0.018608
76.174422 0.000000016277 0.683686 0.013868
76.278060 0.000000016254 0.689675 0.011357
76.381699 0.000000016232 0.695401 0.010358
76.485338 0.000000016210 0.699400 0.009509
76.588976 0.000000016188 0.703390 0.009744
76.692615 0.000000016167 0.707382 0.008214
76.796254 0.000000016145 0.710232 0.008514
76.899892 0.000000016123 0.714578 0.007094
77.003531 0.000000016101 0.718524 0.006159
77.107170 0.000000016080 0.722523 0.006075
77.210808 0.000000016058 0.725175 0.006476
77.314447 0.000000016037 0.725868 0.008049
77.418086 0.000000016015 0.728649 0.007909
77.521724 0.000000015994 0.731518 0.006428
77.625363 0.000000015972 0.734395 0.006310
77.729002 0.000000015951 0.737066 0.005901
77.832640 0.000000015930 0.738143 0.006805
77.936279 0.000000015909 0.741149 0.006477
78.039918 0.000000015887 0.744813 0.005208
78.143556 0.000000015866 0.747381 0.005750
78.247195 0.000000015845 0.747803 0.007628
78.350834 0.000000015824 0.747196 0.009607
78.454472 0.000000015804 0.748762 0.008990
78.558111 0.000000015783 0.751403 0.007166
78.661750 0.000000015762 0.753720 0.006633
78.765388 0.000000015741 0.755145 0.007058
78.869027 0.000000015720 0.755693 0.007848
78.972666 0.000000015700 0.755342 0.008489
79.076304 0.000000015679 0.756505 0.007760
79.179943 0.000000015659 0.759050 0.005514
79.283582 0.000000015638 0.761827 0.004057
79.387220 0.000000015618 0.764562 0.003456
79.490859 0.000000015598 0.766621 0.003569
79.594498 0.000000015577 0.767938 0.004442
79.698136 0.000000015557 0.769360 0.004833
79.801775 0.000000015537 0.771162 0.004724
79.905414 0.000000015517 0.772705 0.005104
80.009052 0.000000015496 0.773023 0.005800
80.112691 0.000000015476 0.774398 0.006178
80.216330 0.000000015456 0.775608 0.005791
80.319968 0.000000015436 0.776065 0.006228
80.423607 0.000000015417 0.776464 0.006284
80.527246 0.000000015397 0.777335 0.005875
80.630884 0.000000015377 0.779501 0.004590
80.734523 0.000000015357 0.782077 0.003363
80.838162 0.000000015338 0.783986 0.003389
80.941800 0.000000015318 0.784999 0.004304
81.045439 0.000000015298 0.785547 0.005217
81.149078 0.000000015279 0.786524 0.005530
81.252716 0.000000015259 0.787704 0.005170
81.356355 0.000000015240 0.787875 0.005749
81.459994 0.000000015220 0.788742 0.005830
81.563632 0.000000015201 0.790193 0.004998
81.667271 0.000000015182 0.791165 0.004837
81.770910 0.000000015163 0.792121 0.004840
81.874548 0.000000015143 0.793526 0.004665
81.978187 0.000000015124 0.794676 0.004260
82.081826 0.000000015105 0.795984 0.004673
82.185464 0.000000015086 0.797638 0.004351
82.289103 0.000000015067 0.797373 0.005332
82.392742 0.000000015048 0.797022 0.006680
82.496380 0.000000015029 0.797518 0.005678
82.600019 0.000000015010 0.798359 0.005207
82.703658 0.000000014992 0.799982 0.003853
82.807296 0.000000014973 0.801694 0.003233
82.910935 0.000000014954 0.803089 0.003013
83.014574 0.000000014935 0.803807 0.003446
83.118212 0.000000014917 0.805261 0.003443
83.221851 0.000000014898 0.806612 0.003230
83.325490 0.000000014880 0.807019 0.003972
83.429128 0.000000014861 0.807816 0.004197
83.532767 0.000000014843 0.808810 0.004364
83.636406 0.000000014824 0.809708 0.004197
83.740044 0.000000014806 0.810456 0.004566
83.843683 0.000000014788 0.809949 0.005346
83.947322 0.000000014769 0.810735 0.005228
84.050960 0.000000014751 0.812540 0.004230
84.154599 0.000000014733 0.814111 0.003836
84.258238 0.000000014715 0.813591 0.004999
84.361876 0.000000014697 0.813008 0.006553
84.465515 0.000000014679 0.813941 0.005541
84.569154 0.000000014661 0.814230 0.005269
84.672792 0.000000014643 0.813924 0.005343
84.776431 0.000000014625 0.814391 0.005004
84.880070 0.000000014607 0.815212 0.003873
84.983708 0.000000014589 0.816255 0.003157
85.087347 0.000000014572 0.817340 0.002494
85.190986 0.000000014554 0.818229 0.002120
85.294624 0.000000014536 0.819131 0.001940
85.398263 0.000000014519 0.820088 0.001576
85.501902 0.000000014501 0.821115 0.001297
85.605540 0.000000014483 0.822120 0.001065
85.709179 0.000000014466 0.823059 0.000958
85.812818 0.000000014448 0.823957 0.000899
85.916456 0.000000014431 0.824823 0.000855
86.020095 0.000000014414 0.825662 0.000824
86.123734 0.000000014396 0.826478 0.000799
86.227372 0.000000014379 0.827277 0.000779
86.331011 0.000000014362 0.828058 0.000762
86.434650 0.000000014344 0.828825 0.000748
86.538288 0.000000014327 0.829580 0.000734
86.641927 0.000000014310 0.830322 0.000722
86.745566 0.000000014293 0.831054 0.000711
86.849204 0.000000014276 0.831775 0.000701
86.952843 0.000000014259 0.832486 0.000691
87.056482 0.000000014242 0.833189 0.000682
87.160120 0.000000014225 0.833883 0.000674
87.263759 0.000000014208 0.834569 0.000666
87.367398 0.000000014191 0.835247 0.000658
87.471036 0.000000014175 0.835917 0.000651
87.574675 0.000000014158 0.836582 0.000644
87.678314 0.000000014141 0.837238 0.000637
87.781952 0.000000014124 0.837889 0.000631
87.885591 0.000000014108 0.838532 0.000624
87.989230 0.000000014091 0.839169 0.000618
88.092868 0.000000014074 0.839801 0.000612
88.196507 0.000000014058 0.840427 0.000606
88.300146 0.000000014041 0.841046 0.000601
88.403784 0.000000014025 0.841661 0.000595
88.507423 0.000000014009 0.842270 0.000590
88.611062 0.000000013992 0.842873 0.000585
88.714700 0.000000013976 0.843471 0.000580
88.818339 0.000000013959 0.844064 0.000575
88.921978 0.000000013943 0.844653 0.000570
89.025616 0.000000013927 0.845236 0.000565
89.129255 0.000000013911 0.845815 0.000561
89.232894 0.000000013895 0.846389 0.000556
89.336532 0.000000013879 0.846958 0.000552
89.440171 0.000000013862 0.847523 0.000547
89.543810 0.000000013846 0.848083 0.000543
89.647448 0.000000013830 0.848639 0.000539
89.751087 0.000000013814 0.849191 0.000534
89.854726 0.000000013798 0.849738 0.000530
89.958364 0.000000013783 0.850282 0.000526
90.062003 0.000000013767 0.850821 0.000522
90.165642 0.000000013751 0.851356 0.000518
90.269280 0.000000013735 0.851888 0.000515
90.372919 0.000000013719 0.852416 0.000511
90.476558 0.000000013704 0.852939 0.000507
90.580196 0.000000013688 0.853459 0.000503
90.683835 0.000000013672 0.853975 0.000500
90.787474 0.000000013657 0.854488 0.000496
90.891112 0.000000013641 0.854996 0.000493
90.994751 0.000000013626 0.855502 0.000489
91.098390 0.000000013610 0.856004 0.000486
91.202028 0.000000013595 0.856502 0.000483
91.305667 0.000000013579 0.856997 0.000479
91.409306 0.000000013564 0.857489 0.000476
91.512944 0.000000013548 0.857977 0.000473
91.616583 0.000000013533 0.858461 0.000469
91.720222 0.000000013518 0.858943 0.000466
91.823860 0.000000013503 0.859422 0.000463
91.927499 0.000000013487 0.859897 0.000460
92.031138 0.000000013472 0.860369 0.000457
92.134776 0.000000013457 0.860838 0.000454
92.238415 0.000000013442 0.861305 0.000451
92.342054 0.000000013427 0.861767 0.000448
92.445692 0.000000013412 0.862228 0.000445
92.549331 0.000000013397 0.862684 0.000442
92.652970 0.000000013382 0.863138 0.000440
92.756608 0.000000013367 0.863590 0.000437
92.860247 0.000000013352 0.864039 0.000434
92.963886 0.000000013337 0.864484 0.000431
93.067525 0.000000013322 0.864927 0.000429
93.171163 0.000000013307 0.865367 0.000426
93.274802 0.000000013293 0.865805 0.000423
93.378441 0.000000013278 0.866239 0.000421
93.482079 0.000000013263 0.866671 0.000418
93.585718 0.000000013248 0.867101 0.000416
93.689357 0.000000013234 0.867528 0.000413
93.792995 0.000000013219 0.867952 0.000411
93.896634 0.000000013205 0.868374 0.000408
94.000273 0.000000013190 0.868793 0.000406
94.103911 0.000000013175 0.869209 0.000403
94.207550 0.000000013161 0.869624 0.000401
94.311189 0.000000013146 0.870035 0.000398
94.414827 0.000000013132 0.870445 0.000396
94.518466 0.000000013118 0.870852 0.000394
94.622105 0.000000013103 0.871256 0.000392
94.725743 0.000000013089 0.871658 0.000389
94.829382 0.000000013075 0.872058 0.000387
94.933021 0.000000013060 0.872456 0.000385
95.036659 0.000000013046 0.872851 0.000383
95.140298 0.000000013032 0.873245 0.000380
95.243937 0.000000013018 0.873635 0.000378
95.347575 0.000000013004 0.874024 0.000376
95.451214 0.000000012989 0.874410 0.000374
95.554853 0.000000012975 0.874794 0.000372
95.658491 0.000000012961 0.875177 0.000370
95.762130 0.000000012947 0.875556 0.000368
95.865769 0.000000012933 0.875935 0.000366
95.969407 0.000000012919 0.876310 0.000364
96.073046 0.000000012905 0.876684 0.000362
96.176685 0.000000012891 0.877056 0.000360
96.280323 0.000000012878 0.877425 0.000358
96.383962 0.000000012864 0.877792 0.000356
96.487601 0.000000012850 0.878158 0.000354
96.591239 0.000000012836 0.878521 0.000352
96.694878 0.000000012822 0.878884 0.000350
96.798517 0.000000012809 0.879243 0.000348
96.902155 0.000000012795 0.879601 0.000346
97.005794 0.000000012781 0.879957 0.000344
97.109433 0.000000012768 0.880311 0.000342
97.213071 0.000000012754 0.880663 0.000341
97.316710 0.000000012740 0.881013 0.000339
97.420349 0.000000012727 0.881361 0.000337
97.523987 0.000000012713 0.881708 0.000335
97.627626 0.000000012700 0.882053 0.000334
97.731265 0.000000012686 0.882395 0.000332
97.834903 0.000000012673 0.882737 0.000330
97.938542 0.000000012660 0.883076 0.000328
98.042181 0.000000012646 0.883414 0.000327
98.145819 0.000000012633 0.883750 0.000325
98.249458 0.000000012620 0.884084 0.000323
98.353097 0.000000012606 0.884416 0.000322
98.456735 0.000000012593 0.884747 0.000320
98.560374 0.000000012580 0.885076 0.000318
98.664013 0.000000012566 0.885404 0.000317
98.767651 0.000000012553 0.885729 0.000315
98.871290 0.000000012540 0.886054 0.000314
98.974929 0.000000012527 0.886376 0.000312
99.078567 0.000000012514 0.886697 0.000310
99.182206 0.000000012501 0.887016 0.000309
99.285845 0.000000012488 0.887334 0.000307
99.389483 0.000000012475 0.887650 0.000306
99.493122 0.000000012462 0.887965 0.000304
99.596761 0.000000012449 0.888278 0.000303
99.700399 0.000000012436 0.888589 0.000301
99.804038 0.000000012423 0.888899 0.000300
99.907677 0.000000012410 0.889207 0.000298
100.011315 0.000000012397 0.889515 0.000297
100.114954 0.000000012384 0.889820 0.000295
100.218593 0.000000012372 0.890124 0.000294
100.322231 0.000000012359 0.890427 0.000293
100.425870 0.000000012346 0.890727 0.000291
100.529509 0.000000012333 0.891027 0.000290
100.633147 0.000000012321 0.891325 0.000288
100.736786 0.000000012308 0.891622 0.000287
100.840425 0.000000012295 0.891917 0.000286
100.944063 0.000000012283 0.892211 0.000284
101.047702 0.000000012270 0.892504 0.000283
101.151341 0.000000012257 0.892795 0.000282
101.254979 0.000000012245 0.893085 0.000280
101.358618 0.000000012232 0.893373 0.000279
101.462257 0.000000012220 0.893660 0.000278
101.565895 0.000000012207 0.893946 0.000276
101.669534 0.000000012195 0.894230 0.000275
101.773173 0.000000012183 0.894513 0.000274
101.876811 0.000000012170 0.894795 0.000273
101.980450 0.000000012158 0.895076 0.000271
102.084089 0.000000012145 0.895355 0.000270
102.187727 0.000000012133 0.895633 0.000269
102.291366 0.000000012121 0.895909 0.000268
102.395005 0.000000012109 0.896185 0.000266
102.498643 0.000000012096 0.896459 0.000265
102.602282 0.000000012084 0.896732 0.000264
102.705921 0.000000012072 0.897003 0.000263
102.809559 0.000000012060 0.897274 0.000261
102.913198 0.000000012048 0.897543 0.000260
103.016837 0.000000012036 0.897811 0.000259
103.120475 0.000000012023 0.898077 0.000258
103.224114 0.000000012011 0.898343 0.000257
103.327753 0.000000011999 0.898607 0.000256
103.431391 0.000000011987 0.898870 0.000255
103.535030 0.000000011975 0.899133 0.000253
