0.072970 0.000016991355 26.862567 0.000000
0.145940 0.000008495678 10.310023 19.544079
0.218910 0.000005663785 1.489930 21.189225
0.291880 0.000004247839 -2.667370 16.878177
0.364850 0.000003398271 -1.941820 9.931906
0.437820 0.000002831893 -0.471969 4.970760
0.510791 0.000002427332 0.660304 2.709499
0.583761 0.000002123916 1.472033 1.651248
0.656731 0.000001887925 2.071550 1.104666
0.729701 0.000001699133 2.539308 0.802707
0.802671 0.000001544667 2.930201 0.634886
0.875641 0.000001415945 3.283377 0.555849
0.948611 0.000001307026 3.617825 0.558313
1.021581 0.000001213667 3.853552 0.679337
1.094551 0.000001132756 3.706847 1.010739
1.167521 0.000001061959 3.329353 1.430788
1.240491 0.000000999491 3.047397 1.521892
1.313461 0.000000943963 3.003299 1.327854
1.386432 0.000000894281 3.058160 1.058339
1.459402 0.000000849567 3.147602 0.882202
1.532372 0.000000809111 3.307628 0.728326
1.605342 0.000000772333 3.466128 0.626462
1.678312 0.000000738754 3.592917 0.618729
1.751282 0.000000707972 3.694670 0.643159
1.824252 0.000000679653 3.704989 0.716804
1.897222 0.000000653513 3.765457 0.758313
1.970192 0.000000629309 3.932107 0.708292
2.043162 0.000000606834 4.132592 0.674840
2.116132 0.000000585908 4.298137 0.742497
2.189102 0.000000566378 4.510485 0.845490
2.262073 0.000000548108 4.871991 0.922975
2.335043 0.000000530979 5.245085 1.112687
2.408013 0.000000514889 5.465116 1.590067
2.480983 0.000000499745 5.440869 2.264480
2.553953 0.000000485467 4.312822 3.414113
2.626923 0.000000471982 3.409767 4.295562
2.699893 0.000000459225 3.068337 4.191625
2.772863 0.000000447140 2.450503 4.189590
2.845833 0.000000435675 1.089118 4.627025
2.918803 0.000000424783 -0.296093 4.807978
2.991773 0.000000414423 -0.219998 3.572487
3.064743 0.000000404556 0.226439 2.150210
3.137714 0.000000395147 0.475560 1.502453
3.210684 0.000000386167 0.675773 1.173245
3.283654 0.000000377585 0.931299 0.842185
3.356624 0.000000369377 1.179328 0.584068
3.429594 0.000000361518 1.378954 0.436943
3.502564 0.000000353986 1.537279 0.350771
3.575534 0.000000346762 1.661950 0.296472
3.648504 0.000000339827 1.785862 0.242390
3.721474 0.000000333163 1.902285 0.192510
3.794444 0.000000326756 2.006172 0.160016
3.867414 0.000000320591 2.099153 0.139297
3.940384 0.000000314654 2.182945 0.125901
4.013355 0.000000308933 2.256113 0.118589
4.086325 0.000000303417 2.316540 0.116966
4.159295 0.000000298094 2.375299 0.113186
4.232265 0.000000292954 2.436962 0.102559
4.305235 0.000000287989 2.498414 0.092766
4.378205 0.000000283189 2.558306 0.086821
4.451175 0.000000278546 2.615565 0.084314
4.524145 0.000000274054 2.669488 0.085057
4.597115 0.000000269704 2.722444 0.086462
4.670085 0.000000265490 2.770591 0.089482
4.743055 0.000000261405 2.824277 0.090501
4.816025 0.000000257445 2.882243 0.087649
4.888996 0.000000253602 2.942430 0.089238
4.961966 0.000000249873 2.999285 0.096270
5.034936 0.000000246251 3.046080 0.111869
5.107906 0.000000242733 3.103050 0.123050
5.180876 0.000000239315 3.162599 0.128481
5.253846 0.000000235991 3.221698 0.141368
5.326816 0.000000232758 3.286024 0.157389
5.399786 0.000000229613 3.357311 0.169399
5.472756 0.000000226551 3.431731 0.195154
5.545726 0.000000223570 3.518131 0.220173
5.618696 0.000000220667 3.564856 0.277009
5.691666 0.000000217838 3.615933 0.347125
5.764637 0.000000215080 3.642350 0.403134
5.837607 0.000000212392 3.636430 0.484286
5.910577 0.000000209770 3.656012 0.520118
5.983547 0.000000207211 3.717916 0.525643
6.056517 0.000000204715 3.802197 0.517254
6.129487 0.000000202278 3.925927 0.538406
6.202457 0.000000199898 4.023104 0.581509
6.275427 0.000000197574 4.019409 0.713245
6.348397 0.000000195303 4.051410 0.828035
6.421367 0.000000193083 4.137977 0.852253
6.494337 0.000000190914 4.292667 0.898848
6.567307 0.000000188793 4.400938 0.992568
6.640278 0.000000186718 4.314675 1.252893
6.713248 0.000000184688 4.233717 1.484478
6.786218 0.000000182703 4.176611 1.602296
6.859188 0.000000180759 4.071538 1.719722
6.932158 0.000000178856 3.934567 1.843774
7.005128 0.000000176993 3.808363 1.896788
7.078098 0.000000175168 3.838347 1.836469
7.151068 0.000000173381 3.844202 1.777591
7.224038 0.000000171630 3.975683 1.741614
7.297008 0.000000169913 4.076749 1.721089
7.369978 0.000000168231 4.199289 1.803442
7.442948 0.000000166582 4.364999 1.876328
7.515919 0.000000164964 4.333267 2.077122
7.588889 0.000000163378 4.101136 2.434964
7.661859 0.000000161822 4.205783 2.494582
7.734829 0.000000160296 4.367714 2.451469
7.807799 0.000000158798 4.292325 2.711758
7.880769 0.000000157327 4.116669 3.045078
7.953739 0.000000155884 4.072747 3.229298
8.026709 0.000000154467 4.122081 3.323769
8.099679 0.000000153075 4.000970 3.594038
8.172649 0.000000151708 3.567315 4.043092
8.245619 0.000000150366 3.100277 4.446875
8.318589 0.000000149047 2.551145 4.603554
8.391560 0.000000147751 2.059322 4.687849
8.464530 0.000000146477 1.691025 4.517349
8.537500 0.000000145225 1.250959 4.341387
8.610470 0.000000143994 1.167930 4.002531
8.683440 0.000000142784 1.232975 3.493507
8.756410 0.000000141594 1.213559 3.254195
8.829380 0.000000140424 1.324556 3.023412
8.902350 0.000000139273 1.507031 2.779558
8.975320 0.000000138141 1.559672 2.706882
9.048290 0.000000137027 1.583094 2.737416
9.121260 0.000000135931 1.685163 2.687065
9.194230 0.000000134852 1.692398 2.698840
9.267201 0.000000133790 1.508653 2.861385
9.340171 0.000000132745 1.218819 2.974081
9.413141 0.000000131716 1.124962 2.896102
9.486111 0.000000130703 1.204549 2.600987
9.559081 0.000000129705 1.238375 2.448588
9.632051 0.000000128722 1.291182 2.352769
9.705021 0.000000127754 1.369037 2.253012
9.777991 0.000000126801 1.456914 2.181521
9.850961 0.000000125862 1.553600 2.131788
9.923931 0.000000124936 1.553461 2.151447
9.996901 0.000000124024 1.626208 2.160540
10.069871 0.000000123126 1.771245 2.093661
10.142842 0.000000122240 1.828132 2.126832
10.215812 0.000000121367 1.813645 2.253525
10.288782 0.000000120506 1.852136 2.309827
10.361752 0.000000119657 1.883931 2.361074
10.434722 0.000000118821 1.864336 2.457353
10.507692 0.000000117995 1.790751 2.588944
10.580662 0.000000117182 1.639043 2.712153
10.653632 0.000000116379 1.559349 2.774941
10.726602 0.000000115587 1.530212 2.740301
10.799572 0.000000114806 1.469682 2.760007
10.872542 0.000000114036 1.390216 2.799894
10.945512 0.000000113276 1.281108 2.831933
11.018483 0.000000112525 1.201744 2.842499
11.091453 0.000000111785 1.168732 2.794537
11.164423 0.000000111054 1.142025 2.763483
11.237393 0.000000110333 1.045078 2.778277
11.310363 0.000000109622 1.006747 2.787001
11.383333 0.000000108919 1.024815 2.716828
11.456303 0.000000108225 0.981486 2.728435
11.529273 0.000000107540 0.863421 2.802642
11.602243 0.000000106864 0.678442 2.874302
11.675213 0.000000106196 0.539089 2.859685
11.748183 0.000000105536 0.444129 2.765789
11.821153 0.000000104885 0.340761 2.670918
11.894124 0.000000104241 0.375692 2.513289
11.967094 0.000000103606 0.420100 2.354244
12.040064 0.000000102978 0.469899 2.268358
12.113034 0.000000102357 0.523572 2.212405
12.186004 0.000000101745 0.593146 2.178235
12.258974 0.000000101139 0.618828 2.183397
12.331944 0.000000100540 0.563337 2.268016
12.404914 0.000000099949 0.474298 2.329245
12.477884 0.000000099365 0.309313 2.389988
12.550854 0.000000098787 0.269974 2.347142
12.623824 0.000000098216 0.226371 2.239083
12.696794 0.000000097651 0.191738 2.197252
12.769765 0.000000097093 0.173720 2.122775
12.842735 0.000000096542 0.152301 2.070946
12.915705 0.000000095996 0.132138 2.019920
12.988675 0.000000095457 0.064772 1.985261
13.061645 0.000000094924 0.027864 1.939282
13.134615 0.000000094396 0.075440 1.818275
13.207585 0.000000093875 0.093046 1.730458
13.280555 0.000000093359 0.060865 1.711298
13.353525 0.000000092849 0.036983 1.672697
13.426495 0.000000092344 0.050440 1.588660
13.499465 0.000000091845 0.130885 1.479116
13.572435 0.000000091351 0.188603 1.402608
13.645406 0.000000090863 0.197819 1.395053
13.718376 0.000000090379 0.204920 1.384370
13.791346 0.000000089901 0.239307 1.337187
13.864316 0.000000089428 0.270671 1.294187
13.937286 0.000000088960 0.337976 1.251952
14.010256 0.000000088497 0.399191 1.219201
14.083226 0.000000088038 0.416183 1.238570
14.156196 0.000000087584 0.323788 1.297317
14.229166 0.000000087135 0.278429 1.313290
14.302136 0.000000086690 0.364597 1.182391
14.375106 0.000000086250 0.461338 1.078223
14.448076 0.000000085815 0.534327 1.054716
14.521047 0.000000085384 0.603105 1.056274
14.594017 0.000000084957 0.646863 1.072168
14.666987 0.000000084534 0.673042 1.106386
14.739957 0.000000084116 0.714321 1.124249
14.812927 0.000000083701 0.783845 1.131044
14.885897 0.000000083291 0.846839 1.151825
14.958867 0.000000082885 0.825397 1.238751
15.031837 0.000000082482 0.767637 1.345140
15.104807 0.000000082084 0.779259 1.368204
15.177777 0.000000081689 0.815435 1.362829
15.250747 0.000000081298 0.819987 1.410769
15.323717 0.000000080911 0.734279 1.513478
15.396688 0.000000080528 0.663611 1.603031
15.469658 0.000000080148 0.567173 1.626844
15.542628 0.000000079772 0.468690 1.667165
15.615598 0.000000079399 0.429964 1.627061
15.688568 0.000000079029 0.396561 1.583793
15.761538 0.000000078664 0.304917 1.581552
15.834508 0.000000078301 0.259708 1.555246
15.907478 0.000000077942 0.304545 1.452345
15.980448 0.000000077586 0.337471 1.381280
16.053418 0.000000077233 0.325227 1.391372
16.126388 0.000000076884 0.293675 1.410048
16.199358 0.000000076538 0.213034 1.426066
16.272329 0.000000076194 0.115036 1.434279
16.345299 0.000000075854 0.105473 1.354616
16.418269 0.000000075517 0.159678 1.222780
16.491239 0.000000075183 0.213588 1.143057
16.564209 0.000000074852 0.242404 1.109103
16.637179 0.000000074523 0.284840 1.089209
16.710149 0.000000074198 0.330248 1.062489
16.783119 0.000000073875 0.381449 1.059133
16.856089 0.000000073556 0.408436 1.072359
16.929059 0.000000073239 0.396681 1.125186
17.002029 0.000000072924 0.349402 1.175969
17.074999 0.000000072613 0.294228 1.209570
17.147970 0.000000072304 0.264185 1.203460
17.220940 0.000000071997 0.255679 1.170348
17.293910 0.000000071693 0.252141 1.145547
17.366880 0.000000071392 0.226385 1.132842
17.439850 0.000000071093 0.184021 1.134437
17.512820 0.000000070797 0.209706 1.087051
17.585790 0.000000070503 0.249690 1.023548
17.658760 0.000000070212 0.246541 1.025250
17.731730 0.000000069923 0.251183 1.034887
17.804700 0.000000069637 0.226386 1.038683
17.877670 0.000000069352 0.157619 1.064585
17.950640 0.000000069070 0.128994 1.048851
18.023611 0.000000068791 0.147618 0.973898
18.096581 0.000000068513 0.179022 0.914898
18.169551 0.000000068238 0.207593 0.881656
18.242521 0.000000067965 0.235321 0.862584
18.315491 0.000000067695 0.244980 0.862262
18.388461 0.000000067426 0.262873 0.861831
18.461431 0.000000067159 0.269210 0.863651
18.534401 0.000000066895 0.263363 0.878297
18.607371 0.000000066633 0.232149 0.897318
18.680341 0.000000066372 0.200875 0.908012
18.753311 0.000000066114 0.170071 0.897562
18.826281 0.000000065858 0.143662 0.874971
18.899252 0.000000065604 0.144890 0.834873
18.972222 0.000000065351 0.159664 0.782902
19.045192 0.000000065101 0.178247 0.749581
19.118162 0.000000064852 0.207739 0.717843
19.191132 0.000000064606 0.218627 0.704176
19.264102 0.000000064361 0.200639 0.712647
19.337072 0.000000064118 0.204130 0.699880
19.410042 0.000000063877 0.222690 0.665563
19.483012 0.000000063638 0.250872 0.636463
19.555982 0.000000063401 0.284153 0.617046
19.628952 0.000000063165 0.290971 0.618034
19.701922 0.000000062931 0.293002 0.631333
19.774893 0.000000062699 0.317788 0.620017
19.847863 0.000000062468 0.319966 0.619985
19.920833 0.000000062239 0.295752 0.644563
19.993803 0.000000062012 0.288441 0.643311
20.066773 0.000000061787 0.288409 0.626643
20.139743 0.000000061563 0.301940 0.606203
20.212713 0.000000061341 0.304249 0.594459
20.285683 0.000000061120 0.287674 0.599429
20.358653 0.000000060901 0.286950 0.587553
20.431623 0.000000060683 0.296281 0.560431
20.504593 0.000000060467 0.319214 0.533875
20.577563 0.000000060253 0.340809 0.514247
20.650534 0.000000060040 0.365799 0.506018
20.723504 0.000000059829 0.375017 0.507166
20.796474 0.000000059619 0.365294 0.522336
20.869444 0.000000059410 0.356340 0.526911
20.942414 0.000000059203 0.370799 0.510137
21.015384 0.000000058998 0.395473 0.484669
21.088354 0.000000058794 0.417154 0.478270
21.161324 0.000000058591 0.433707 0.481284
21.234294 0.000000058389 0.433629 0.495403
21.307264 0.000000058190 0.420692 0.515797
21.380234 0.000000057991 0.403332 0.523463
21.453204 0.000000057794 0.391215 0.521139
21.526175 0.000000057598 0.394234 0.501791
21.599145 0.000000057403 0.421791 0.472664
21.672115 0.000000057210 0.448276 0.452582
21.745085 0.000000057018 0.454466 0.460733
21.818055 0.000000056827 0.459121 0.472745
21.891025 0.000000056638 0.471734 0.472846
21.963995 0.000000056450 0.456416 0.486859
22.036965 0.000000056263 0.434744 0.504860
22.109935 0.000000056077 0.436400 0.493095
22.182905 0.000000055893 0.456032 0.470011
22.255875 0.000000055709 0.464740 0.460795
22.328845 0.000000055527 0.465519 0.470204
22.401816 0.000000055346 0.468262 0.471944
22.474786 0.000000055167 0.448235 0.481555
22.547756 0.000000054988 0.440629 0.485593
22.620726 0.000000054811 0.458424 0.460985
22.693696 0.000000054635 0.466951 0.448673
22.766666 0.000000054459 0.461505 0.457043
22.839636 0.000000054285 0.464363 0.457271
22.912606 0.000000054113 0.470910 0.450678
22.985576 0.000000053941 0.470224 0.451813
23.058546 0.000000053770 0.454872 0.461109
23.131516 0.000000053600 0.441911 0.463496
23.204486 0.000000053432 0.440880 0.450783
23.277457 0.000000053264 0.447524 0.432710
23.350427 0.000000053098 0.458115 0.419489
23.423397 0.000000052933 0.461072 0.413966
23.496367 0.000000052768 0.452042 0.418497
23.569337 0.000000052605 0.449505 0.414245
23.642307 0.000000052442 0.451607 0.400260
23.715277 0.000000052281 0.456552 0.387731
23.788247 0.000000052121 0.465101 0.372490
23.861217 0.000000051961 0.483822 0.357884
23.934187 0.000000051803 0.513624 0.341044
24.007157 0.000000051645 0.533187 0.338777
24.080127 0.000000051489 0.535814 0.356216
24.153098 0.000000051333 0.539090 0.369368
24.226068 0.000000051179 0.541514 0.377323
24.299038 0.000000051025 0.539671 0.385881
24.372008 0.000000050872 0.531817 0.396182
24.444978 0.000000050720 0.516902 0.406917
24.517948 0.000000050569 0.515223 0.404163
24.590918 0.000000050419 0.512951 0.397276
24.663888 0.000000050270 0.508875 0.395580
24.736858 0.000000050122 0.509417 0.393266
24.809828 0.000000049975 0.506645 0.388030
24.882798 0.000000049828 0.500849 0.389805
24.955768 0.000000049682 0.489447 0.388203
25.028739 0.000000049537 0.481934 0.384032
25.101709 0.000000049393 0.486159 0.365995
25.174679 0.000000049250 0.497943 0.349349
25.247649 0.000000049108 0.509793 0.336682
25.320619 0.000000048966 0.516623 0.335248
25.393589 0.000000048826 0.522483 0.334999
25.466559 0.000000048686 0.527199 0.335589
25.539529 0.000000048547 0.518754 0.342377
25.612499 0.000000048408 0.515313 0.345040
25.685469 0.000000048271 0.523325 0.334695
25.758439 0.000000048134 0.527670 0.329033
25.831409 0.000000047998 0.528525 0.331064
25.904380 0.000000047863 0.529958 0.331849
25.977350 0.000000047728 0.526223 0.334809
26.050320 0.000000047595 0.521621 0.336200
26.123290 0.000000047462 0.511816 0.338963
26.196260 0.000000047330 0.506518 0.335612
26.269230 0.000000047198 0.495783 0.330202
26.342200 0.000000047067 0.488130 0.323051
26.415170 0.000000046937 0.497511 0.303425
26.488140 0.000000046808 0.512264 0.283161
26.561110 0.000000046679 0.514869 0.278220
26.634080 0.000000046552 0.514734 0.279455
26.707050 0.000000046424 0.518077 0.273110
26.780021 0.000000046298 0.523282 0.265184
26.852991 0.000000046172 0.529296 0.258072
26.925961 0.000000046047 0.536014 0.252304
26.998931 0.000000045923 0.546021 0.246518
27.071901 0.000000045799 0.554825 0.243206
27.144871 0.000000045676 0.559170 0.244861
27.217841 0.000000045553 0.554104 0.251226
27.290811 0.000000045431 0.548794 0.254520
27.363781 0.000000045310 0.550518 0.248757
27.436751 0.000000045190 0.558467 0.237837
27.509721 0.000000045070 0.563499 0.232526
27.582691 0.000000044951 0.563266 0.232510
27.655662 0.000000044832 0.558823 0.232881
27.728632 0.000000044714 0.566703 0.223715
27.801602 0.000000044597 0.578192 0.210722
27.874572 0.000000044480 0.589172 0.204951
27.947542 0.000000044364 0.601399 0.202189
28.020512 0.000000044248 0.611524 0.202617
28.093482 0.000000044133 0.614099 0.208738
28.166452 0.000000044019 0.612370 0.216914
28.239422 0.000000043905 0.613774 0.219247
28.312392 0.000000043792 0.619078 0.216856
28.385362 0.000000043680 0.616875 0.218704
28.458332 0.000000043568 0.616421 0.221560
28.531303 0.000000043456 0.620490 0.216438
28.604273 0.000000043345 0.628866 0.211210
28.677243 0.000000043235 0.633849 0.209748
28.750213 0.000000043125 0.642469 0.209581
28.823183 0.000000043016 0.649347 0.209409
28.896153 0.000000042907 0.655566 0.214117
28.969123 0.000000042799 0.668433 0.215813
29.042093 0.000000042692 0.672576 0.223031
29.115063 0.000000042585 0.660855 0.243303
29.188033 0.000000042478 0.651178 0.256892
29.261003 0.000000042372 0.649799 0.256980
29.333973 0.000000042267 0.648098 0.258536
29.406944 0.000000042162 0.639971 0.263852
29.479914 0.000000042058 0.622256 0.274524
29.552884 0.000000041954 0.616777 0.273547
29.625854 0.000000041851 0.614533 0.264102
29.698824 0.000000041748 0.607054 0.263905
29.771794 0.000000041645 0.596385 0.263813
29.844764 0.000000041544 0.580524 0.262424
29.917734 0.000000041442 0.573184 0.253018
29.990704 0.000000041341 0.582449 0.230563
30.063674 0.000000041241 0.596022 0.211302
30.136644 0.000000041141 0.600598 0.205880
30.209614 0.000000041042 0.599160 0.208208
30.282585 0.000000040943 0.604789 0.203781
30.355555 0.000000040845 0.612218 0.196685
30.428525 0.000000040747 0.614456 0.196775
30.501495 0.000000040649 0.608311 0.201647
30.574465 0.000000040552 0.604900 0.202965
30.647435 0.000000040456 0.605593 0.195866
30.720405 0.000000040359 0.605191 0.191299
30.793375 0.000000040264 0.605633 0.186224
30.866345 0.000000040169 0.602416 0.181961
30.939315 0.000000040074 0.606262 0.174591
31.012285 0.000000039980 0.616329 0.161898
31.085255 0.000000039886 0.626837 0.154197
31.158226 0.000000039792 0.631741 0.152646
31.231196 0.000000039699 0.633559 0.155844
31.304166 0.000000039607 0.636783 0.154382
31.377136 0.000000039515 0.640705 0.152745
31.450106 0.000000039423 0.644427 0.150831
31.523076 0.000000039332 0.644325 0.151352
31.596046 0.000000039241 0.651434 0.148796
31.669016 0.000000039151 0.658020 0.144107
31.741986 0.000000039061 0.657720 0.147935
31.814956 0.000000038971 0.657046 0.150831
31.887926 0.000000038882 0.660249 0.148718
31.960896 0.000000038793 0.665240 0.145196
32.033867 0.000000038705 0.669574 0.144696
32.106837 0.000000038617 0.672361 0.145613
32.179807 0.000000038529 0.669007 0.149891
32.252777 0.000000038442 0.669586 0.151231
32.325747 0.000000038355 0.672834 0.147580
32.398717 0.000000038269 0.674666 0.146646
32.471687 0.000000038183 0.675189 0.147534
32.544657 0.000000038097 0.673947 0.148051
32.617627 0.000000038012 0.677841 0.146453
32.690597 0.000000037927 0.683446 0.142119
32.763567 0.000000037843 0.684426 0.144476
32.836537 0.000000037759 0.682872 0.148373
32.909508 0.000000037675 0.679123 0.151454
32.982478 0.000000037591 0.676400 0.151594
33.055448 0.000000037508 0.674936 0.149699
33.128418 0.000000037426 0.676612 0.145192
33.201388 0.000000037344 0.677075 0.141924
33.274358 0.000000037262 0.678723 0.140108
33.347328 0.000000037180 0.681642 0.136189
33.420298 0.000000037099 0.679713 0.136600
33.493268 0.000000037018 0.678301 0.135872
33.566238 0.000000036938 0.680850 0.131307
33.639208 0.000000036858 0.685226 0.125048
33.712178 0.000000036778 0.691018 0.121141
33.785149 0.000000036698 0.699021 0.117584
33.858119 0.000000036619 0.702426 0.118330
33.931089 0.000000036541 0.702449 0.122973
34.004059 0.000000036462 0.702999 0.124879
34.077029 0.000000036384 0.703221 0.125540
34.149999 0.000000036306 0.704541 0.125457
34.222969 0.000000036229 0.705461 0.125250
34.295939 0.000000036152 0.703546 0.126197
34.368909 0.000000036075 0.700331 0.127487
34.441879 0.000000035999 0.703172 0.123619
34.514849 0.000000035922 0.709422 0.117160
34.587819 0.000000035847 0.712761 0.116198
34.660790 0.000000035771 0.712726 0.118250
34.733760 0.000000035696 0.711364 0.120875
34.806730 0.000000035621 0.711865 0.119654
34.879700 0.000000035547 0.715054 0.117055
34.952670 0.000000035473 0.716986 0.115366
35.025640 0.000000035399 0.717181 0.116113
35.098610 0.000000035325 0.718003 0.115959
35.171580 0.000000035252 0.720507 0.114185
35.244550 0.000000035179 0.723552 0.112630
35.317520 0.000000035106 0.724551 0.112870
35.390490 0.000000035034 0.724708 0.114457
35.463460 0.000000034962 0.729357 0.112726
35.536431 0.000000034890 0.728118 0.113540
35.609401 0.000000034818 0.725261 0.117792
35.682371 0.000000034747 0.726397 0.115862
35.755341 0.000000034676 0.726954 0.114129
35.828311 0.000000034606 0.726554 0.113328
35.901281 0.000000034535 0.727598 0.112289
35.974251 0.000000034465 0.730742 0.109081
36.047221 0.000000034395 0.734238 0.107378
36.120191 0.000000034326 0.736086 0.107708
36.193161 0.000000034257 0.734752 0.110064
36.266131 0.000000034188 0.731566 0.112400
36.339101 0.000000034119 0.732037 0.110679
36.412072 0.000000034051 0.734262 0.106731
36.485042 0.000000033983 0.738573 0.103537
36.558012 0.000000033915 0.739730 0.102981
36.630982 0.000000033847 0.741127 0.103787
36.703952 0.000000033780 0.743488 0.102920
36.776922 0.000000033713 0.745951 0.102674
36.849892 0.000000033646 0.747708 0.103045
36.922862 0.000000033580 0.744978 0.106119
36.995832 0.000000033513 0.743328 0.107607
37.068802 0.000000033448 0.744975 0.104924
37.141772 0.000000033382 0.747803 0.101936
37.214742 0.000000033316 0.751665 0.100253
37.287713 0.000000033251 0.753162 0.100900
37.360683 0.000000033186 0.752166 0.103569
37.433653 0.000000033122 0.750896 0.105279
37.506623 0.000000033057 0.751666 0.104189
37.579593 0.000000032993 0.752544 0.102905
37.652563 0.000000032929 0.754408 0.101844
37.725533 0.000000032865 0.756357 0.101063
37.798503 0.000000032802 0.757105 0.101412
37.871473 0.000000032739 0.758467 0.102129
37.944443 0.000000032676 0.759378 0.102405
38.017413 0.000000032613 0.756133 0.104490
38.090383 0.000000032550 0.756314 0.105323
38.163354 0.000000032488 0.760396 0.101029
38.236324 0.000000032426 0.760274 0.100881
38.309294 0.000000032364 0.759428 0.103467
38.382264 0.000000032303 0.762878 0.101540
38.455234 0.000000032242 0.763736 0.101073
38.528204 0.000000032181 0.762324 0.104092
38.601174 0.000000032120 0.760356 0.105388
38.674144 0.000000032059 0.759424 0.105395
38.747114 0.000000031999 0.761096 0.102980
38.820084 0.000000031939 0.763156 0.101098
38.893054 0.000000031879 0.763181 0.101542
38.966024 0.000000031819 0.762610 0.102734
39.038995 0.000000031760 0.761141 0.103092
39.111965 0.000000031700 0.761101 0.102261
39.184935 0.000000031641 0.765125 0.099035
39.257905 0.000000031582 0.768794 0.096832
39.330875 0.000000031524 0.768490 0.099414
39.403845 0.000000031465 0.769190 0.101960
39.476815 0.000000031407 0.770234 0.102626
39.549785 0.000000031349 0.765426 0.106280
39.622755 0.000000031292 0.759383 0.110691
39.695725 0.000000031234 0.758473 0.107655
39.768695 0.000000031177 0.760669 0.102768
39.841665 0.000000031120 0.762847 0.099684
39.914636 0.000000031063 0.764303 0.099337
39.987606 0.000000031006 0.767332 0.099026
40.060576 0.000000030950 0.767289 0.100395
40.133546 0.000000030893 0.761489 0.106061
40.206516 0.000000030837 0.755008 0.109010
40.279486 0.000000030781 0.751611 0.107335
40.352456 0.000000030726 0.754199 0.100661
40.425426 0.000000030670 0.756191 0.096098
40.498396 0.000000030615 0.753784 0.096069
40.571366 0.000000030560 0.751644 0.096400
40.644336 0.000000030505 0.755784 0.091048
40.717306 0.000000030450 0.758885 0.086683
40.790277 0.000000030396 0.758112 0.087801
40.863247 0.000000030342 0.759597 0.087707
40.936217 0.000000030288 0.761527 0.085654
41.009187 0.000000030234 0.761214 0.086288
41.082157 0.000000030180 0.758362 0.088020
41.155127 0.000000030126 0.758433 0.087107
41.228097 0.000000030073 0.760962 0.083250
41.301067 0.000000030020 0.760810 0.082436
41.374037 0.000000029967 0.761744 0.082324
41.447007 0.000000029914 0.763786 0.080528
41.519977 0.000000029862 0.765199 0.080367
41.592947 0.000000029809 0.763607 0.081949
41.665918 0.000000029757 0.759496 0.084708
41.738888 0.000000029705 0.757986 0.083832
41.811858 0.000000029653 0.759172 0.080136
41.884828 0.000000029602 0.759240 0.077775
41.957798 0.000000029550 0.758862 0.077148
42.030768 0.000000029499 0.759266 0.075249
42.103738 0.000000029448 0.758266 0.074122
42.176708 0.000000029397 0.759841 0.072211
42.249678 0.000000029346 0.760955 0.069304
42.322648 0.000000029295 0.760856 0.069082
42.395618 0.000000029245 0.761982 0.067653
42.468588 0.000000029195 0.761817 0.066598
42.541559 0.000000029145 0.761541 0.066134
42.614529 0.000000029095 0.762598 0.064117
42.687499 0.000000029045 0.762796 0.062669
42.760469 0.000000028995 0.762304 0.061951
42.833439 0.000000028946 0.763612 0.060084
42.906409 0.000000028897 0.764507 0.057649
42.979379 0.000000028848 0.765186 0.056891
43.052349 0.000000028799 0.766732 0.054964
43.125319 0.000000028750 0.767091 0.054105
43.198289 0.000000028702 0.767032 0.053745
43.271259 0.000000028653 0.767413 0.052394
43.344229 0.000000028605 0.766433 0.051315
43.417200 0.000000028557 0.767079 0.049524
43.490170 0.000000028509 0.769690 0.045624
43.563140 0.000000028461 0.772461 0.042950
43.636110 0.000000028414 0.773945 0.041770
43.709080 0.000000028366 0.775346 0.041363
43.782050 0.000000028319 0.777054 0.040056
43.855020 0.000000028272 0.779375 0.038884
43.927990 0.000000028225 0.781868 0.037822
44.000960 0.000000028178 0.782663 0.038178
44.073930 0.000000028131 0.782350 0.039299
44.146900 0.000000028085 0.781889 0.039165
44.219870 0.000000028039 0.782281 0.038063
44.292841 0.000000027992 0.785227 0.035245
44.365811 0.000000027946 0.789029 0.032573
44.438781 0.000000027900 0.791753 0.032392
44.511751 0.000000027855 0.792194 0.033966
44.584721 0.000000027809 0.790128 0.036525
44.657691 0.000000027764 0.789961 0.036701
44.730661 0.000000027718 0.791055 0.034584
44.803631 0.000000027673 0.792839 0.032762
44.876601 0.000000027628 0.794137 0.031918
44.949571 0.000000027583 0.795864 0.031280
45.022541 0.000000027539 0.797654 0.030654
45.095511 0.000000027494 0.797981 0.031095
45.168482 0.000000027450 0.798654 0.031558
45.241452 0.000000027405 0.800635 0.030649
45.314422 0.000000027361 0.801421 0.030578
45.387392 0.000000027317 0.800352 0.032177
45.460362 0.000000027273 0.799962 0.032482
45.533332 0.000000027230 0.799757 0.031613
45.606302 0.000000027186 0.800078 0.030338
45.679272 0.000000027143 0.801733 0.028577
45.752242 0.000000027099 0.803705 0.026654
45.825212 0.000000027056 0.805112 0.026168
45.898182 0.000000027013 0.806756 0.025813
45.971152 0.000000026970 0.808288 0.025599
46.044123 0.000000026928 0.808859 0.026138
46.117093 0.000000026885 0.808165 0.027179
46.190063 0.000000026843 0.808102 0.027306
46.263033 0.000000026800 0.808535 0.026234
46.336003 0.000000026758 0.810656 0.024730
46.408973 0.000000026716 0.812915 0.023269
46.481943 0.000000026674 0.813116 0.024089
46.554913 0.000000026632 0.812787 0.025261
46.627883 0.000000026591 0.813288 0.025066
46.700853 0.000000026549 0.813695 0.024399
46.773823 0.000000026508 0.813661 0.024188
46.846793 0.000000026466 0.814283 0.023621
46.919764 0.000000026425 0.816085 0.022043
46.992734 0.000000026384 0.817654 0.021223
47.065704 0.000000026343 0.818475 0.021412
47.138674 0.000000026302 0.818428 0.022087
47.211644 0.000000026262 0.818671 0.022225
47.284614 0.000000026221 0.819706 0.021497
47.357584 0.000000026181 0.820696 0.020933
47.430554 0.000000026141 0.821453 0.020838
47.503524 0.000000026100 0.821000 0.021474
47.576494 0.000000026060 0.821156 0.021527
47.649464 0.000000026020 0.822808 0.020275
47.722434 0.000000025981 0.823999 0.019691
47.795404 0.000000025941 0.822817 0.020880
47.868375 0.000000025901 0.821812 0.022002
47.941345 0.000000025862 0.822139 0.020620
48.014315 0.000000025823 0.821825 0.019771
48.087285 0.000000025784 0.822294 0.018848
48.160255 0.000000025744 0.823280 0.017276
48.233225 0.000000025706 0.823304 0.016602
48.306195 0.000000025667 0.823385 0.016048
48.379165 0.000000025628 0.824211 0.014656
48.452135 0.000000025589 0.825896 0.012774
48.525105 0.000000025551 0.827309 0.011592
48.598075 0.000000025513 0.828333 0.011034
48.671045 0.000000025474 0.828952 0.010722
48.744016 0.000000025436 0.830165 0.009949
48.816986 0.000000025398 0.832027 0.008692
48.889956 0.000000025360 0.833450 0.008059
48.962926 0.000000025322 0.834490 0.008082
49.035896 0.000000025285 0.835483 0.007929
49.108866 0.000000025247 0.836734 0.007584
49.181836 0.000000025210 0.838093 0.007187
49.254806 0.000000025172 0.839280 0.007050
49.327776 0.000000025135 0.840078 0.007191
49.400746 0.000000025098 0.840953 0.007318
49.473716 0.000000025061 0.842301 0.006946
49.546686 0.000000025024 0.843412 0.006865
49.619657 0.000000024987 0.844062 0.007230
49.692627 0.000000024951 0.844563 0.007585
49.765597 0.000000024914 0.845331 0.007559
49.838567 0.000000024878 0.846121 0.007393
49.911537 0.000000024841 0.846881 0.007372
49.984507 0.000000024805 0.847591 0.007367
50.057477 0.000000024769 0.848347 0.007321
50.130447 0.000000024733 0.849184 0.007273
50.203417 0.000000024697 0.850021 0.007211
50.276387 0.000000024661 0.850343 0.007482
50.349357 0.000000024625 0.850779 0.007652
50.422327 0.000000024589 0.851477 0.007402
50.495298 0.000000024554 0.852359 0.007058
50.568268 0.000000024519 0.853242 0.006913
50.641238 0.000000024483 0.854190 0.006833
50.714208 0.000000024448 0.854874 0.006969
50.787178 0.000000024413 0.855405 0.007262
50.860148 0.000000024378 0.855954 0.007416
50.933118 0.000000024343 0.856778 0.007390
51.006088 0.000000024308 0.857410 0.007442
51.079058 0.000000024273 0.857643 0.007907
51.152028 0.000000024239 0.857846 0.008157
51.224998 0.000000024204 0.858130 0.008225
51.297968 0.000000024170 0.858685 0.008006
51.370939 0.000000024135 0.858926 0.007919
51.443909 0.000000024101 0.859220 0.007935
51.516879 0.000000024067 0.860012 0.007489
51.589849 0.000000024033 0.860885 0.007050
51.662819 0.000000023999 0.861365 0.007093
51.735789 0.000000023965 0.861821 0.007225
51.808759 0.000000023931 0.862657 0.006992
51.881729 0.000000023898 0.863174 0.006884
51.954699 0.000000023864 0.863682 0.007080
52.027669 0.000000023831 0.864857 0.006746
52.100639 0.000000023797 0.865873 0.006669
52.173609 0.000000023764 0.866041 0.007400
52.246580 0.000000023731 0.865755 0.008273
52.319550 0.000000023698 0.865332 0.008724
52.392520 0.000000023665 0.865736 0.008392
52.465490 0.000000023632 0.866351 0.007732
52.538460 0.000000023599 0.866713 0.007614
52.611430 0.000000023566 0.866945 0.007610
52.684400 0.000000023534 0.867341 0.007472
52.757370 0.000000023501 0.867794 0.007117
52.830340 0.000000023469 0.868103 0.006980
52.903310 0.000000023436 0.868978 0.006558
52.976280 0.000000023404 0.870037 0.005998
53.049250 0.000000023372 0.870738 0.006089
53.122221 0.000000023340 0.871323 0.006315
53.195191 0.000000023308 0.871603 0.006677
53.268161 0.000000023276 0.872029 0.006852
53.341131 0.000000023244 0.872156 0.007016
53.414101 0.000000023212 0.872497 0.007129
53.487071 0.000000023181 0.873012 0.006925
53.560041 0.000000023149 0.873577 0.006892
53.633011 0.000000023117 0.874055 0.006971
53.705981 0.000000023086 0.874220 0.007311
53.778951 0.000000023055 0.873897 0.007787
53.851921 0.000000023023 0.873531 0.008089
53.924891 0.000000022992 0.873490 0.007761
53.997862 0.000000022961 0.873450 0.007297
54.070832 0.000000022930 0.873912 0.006633
54.143802 0.000000022899 0.874786 0.005713
54.216772 0.000000022869 0.875674 0.005136
54.289742 0.000000022838 0.876406 0.004954
54.362712 0.000000022807 0.876946 0.004937
54.435682 0.000000022777 0.877238 0.005061
54.508652 0.000000022746 0.877701 0.005006
54.581622 0.000000022716 0.878340 0.004747
54.654592 0.000000022685 0.878845 0.004620
54.727562 0.000000022655 0.879284 0.004641
54.800532 0.000000022625 0.879568 0.004640
54.873503 0.000000022595 0.880058 0.004527
54.946473 0.000000022565 0.880759 0.004194
55.019443 0.000000022535 0.881472 0.003994
55.092413 0.000000022505 0.882203 0.003981
55.165383 0.000000022475 0.882939 0.004013
55.238353 0.000000022446 0.883227 0.004366
55.311323 0.000000022416 0.883135 0.004922
55.384293 0.000000022386 0.883279 0.005029
55.457263 0.000000022357 0.883646 0.004813
55.530233 0.000000022328 0.884090 0.004591
55.603203 0.000000022298 0.884649 0.004434
55.676173 0.000000022269 0.885119 0.004350
55.749144 0.000000022240 0.885169 0.004567
55.822114 0.000000022211 0.885613 0.004528
55.895084 0.000000022182 0.886296 0.004156
55.968054 0.000000022153 0.886791 0.004082
56.041024 0.000000022124 0.886950 0.004301
56.113994 0.000000022095 0.887527 0.004247
56.186964 0.000000022067 0.888276 0.003952
56.259934 0.000000022038 0.888715 0.004046
56.332904 0.000000022010 0.889136 0.004312
56.405874 0.000000021981 0.889770 0.004343
56.478844 0.000000021953 0.890280 0.004483
56.551814 0.000000021924 0.890435 0.004958
56.624785 0.000000021896 0.890387 0.005424
56.697755 0.000000021868 0.890411 0.005705
56.770725 0.000000021840 0.890779 0.005632
56.843695 0.000000021812 0.890788 0.005698
56.916665 0.000000021784 0.890502 0.006104
56.989635 0.000000021756 0.890786 0.005942
57.062605 0.000000021728 0.891063 0.005605
57.135575 0.000000021700 0.890892 0.005770
57.208545 0.000000021673 0.890836 0.005794
57.281515 0.000000021645 0.891026 0.005407
57.354485 0.000000021617 0.891213 0.005053
57.427455 0.000000021590 0.891690 0.004625
57.500426 0.000000021563 0.892217 0.004189
57.573396 0.000000021535 0.892971 0.003894
57.646366 0.000000021508 0.893503 0.003756
57.719336 0.000000021481 0.893452 0.004107
57.792306 0.000000021454 0.893636 0.004229
57.865276 0.000000021427 0.894133 0.003871
57.938246 0.000000021400 0.894458 0.003680
58.011216 0.000000021373 0.894800 0.003653
58.084186 0.000000021346 0.895314 0.003434
58.157156 0.000000021319 0.895739 0.003312
58.230126 0.000000021292 0.896211 0.003261
58.303096 0.000000021266 0.896675 0.003212
58.376067 0.000000021239 0.897181 0.003194
58.449037 0.000000021213 0.897591 0.003250
58.522007 0.000000021186 0.897994 0.003376
58.594977 0.000000021160 0.898328 0.003483
58.667947 0.000000021134 0.898693 0.003624
58.740917 0.000000021107 0.899018 0.003730
58.813887 0.000000021081 0.899301 0.003945
58.886857 0.000000021055 0.899323 0.004178
58.959827 0.000000021029 0.899253 0.004491
59.032797 0.000000021003 0.899367 0.004461
59.105767 0.000000020977 0.899630 0.004307
59.178737 0.000000020951 0.899839 0.004209
59.251708 0.000000020925 0.899972 0.004241
59.324678 0.000000020900 0.900420 0.004082
59.397648 0.000000020874 0.900694 0.003973
59.470618 0.000000020848 0.900881 0.004147
59.543588 0.000000020823 0.901207 0.004150
59.616558 0.000000020797 0.901324 0.004215
59.689528 0.000000020772 0.901208 0.004491
59.762498 0.000000020746 0.901280 0.004485
59.835468 0.000000020721 0.901421 0.004335
59.908438 0.000000020696 0.901989 0.004074
59.981408 0.000000020671 0.902460 0.003948
60.054378 0.000000020646 0.901897 0.004523
60.127349 0.000000020621 0.901076 0.005215
60.200319 0.000000020596 0.901182 0.004713
60.273289 0.000000020571 0.901215 0.004011
60.346259 0.000000020546 0.901018 0.003830
60.419229 0.000000020521 0.901404 0.003172
60.492199 0.000000020496 0.901947 0.002399
60.565169 0.000000020471 0.902403 0.001967
60.638139 0.000000020447 0.902848 0.001670
60.711109 0.000000020422 0.903323 0.001375
60.784079 0.000000020398 0.903836 0.001106
60.857049 0.000000020373 0.904355 0.000889
60.930019 0.000000020349 0.904842 0.000748
61.002990 0.000000020325 0.905296 0.000665
61.075960 0.000000020300 0.905722 0.000611
61.148930 0.000000020276 0.906126 0.000573
61.221900 0.000000020252 0.906513 0.000545
61.294870 0.000000020228 0.906885 0.000522
61.367840 0.000000020204 0.907245 0.000503
61.440810 0.000000020180 0.907595 0.000488
61.513780 0.000000020156 0.907937 0.000475
61.586750 0.000000020132 0.908270 0.000463
61.659720 0.000000020108 0.908597 0.000453
61.732690 0.000000020084 0.908918 0.000444
61.805660 0.000000020061 0.909233 0.000436
61.878631 0.000000020037 0.909542 0.000428
61.951601 0.000000020013 0.909847 0.000422
62.024571 0.000000019990 0.910148 0.000415
62.097541 0.000000019966 0.910445 0.000410
62.170511 0.000000019943 0.910738 0.000404
62.243481 0.000000019920 0.911027 0.000399
62.316451 0.000000019896 0.911313 0.000395
62.389421 0.000000019873 0.911597 0.000390
62.462391 0.000000019850 0.911877 0.000386
62.535361 0.000000019827 0.912154 0.000382
62.608331 0.000000019803 0.912429 0.000378
62.681301 0.000000019780 0.912700 0.000375
62.754272 0.000000019757 0.912970 0.000371
62.827242 0.000000019734 0.913237 0.000368
62.900212 0.000000019712 0.913502 0.000365
62.973182 0.000000019689 0.913764 0.000361
63.046152 0.000000019666 0.914025 0.000358
63.119122 0.000000019643 0.914283 0.000356
63.192092 0.000000019620 0.914540 0.000353
63.265062 0.000000019598 0.914794 0.000350
63.338032 0.000000019575 0.915047 0.000348
63.411002 0.000000019553 0.915298 0.000345
63.483972 0.000000019530 0.915547 0.000343
63.556942 0.000000019508 0.915794 0.000340
63.629913 0.000000019485 0.916040 0.000338
63.702883 0.000000019463 0.916284 0.000335
63.775853 0.000000019441 0.916526 0.000333
63.848823 0.000000019419 0.916766 0.000331
63.921793 0.000000019397 0.917005 0.000329
63.994763 0.000000019374 0.917244 0.000327
64.067733 0.000000019352 0.917480 0.000325
64.140703 0.000000019330 0.917714 0.000323
64.213673 0.000000019308 0.917948 0.000321
64.286643 0.000000019286 0.918180 0.000319
64.359613 0.000000019265 0.918410 0.000317
64.432583 0.000000019243 0.918639 0.000315
64.505554 0.000000019221 0.918867 0.000313
64.578524 0.000000019199 0.919094 0.000311
64.651494 0.000000019178 0.919319 0.000310
64.724464 0.000000019156 0.919543 0.000308
64.797434 0.000000019134 0.919766 0.000306
64.870404 0.000000019113 0.919987 0.000304
64.943374 0.000000019091 0.920207 0.000303
65.016344 0.000000019070 0.920426 0.000301
65.089314 0.000000019049 0.920644 0.000299
65.162284 0.000000019027 0.920861 0.000298
65.235254 0.000000019006 0.921077 0.000296
65.308224 0.000000018985 0.921291 0.000295
65.381195 0.000000018964 0.921504 0.000293
65.454165 0.000000018942 0.921716 0.000292
65.527135 0.000000018921 0.921927 0.000290
65.600105 0.000000018900 0.922137 0.000289
65.673075 0.000000018879 0.922347 0.000287
65.746045 0.000000018858 0.922555 0.000286
65.819015 0.000000018837 0.922761 0.000284
65.891985 0.000000018817 0.922967 0.000283
65.964955 0.000000018796 0.923172 0.000281
66.037925 0.000000018775 0.923376 0.000280
66.110895 0.000000018754 0.923579 0.000279
66.183865 0.000000018734 0.923781 0.000277
66.256836 0.000000018713 0.923981 0.000276
66.329806 0.000000018692 0.924181 0.000275
66.402776 0.000000018672 0.924380 0.000273
66.475746 0.000000018651 0.924578 0.000272
66.548716 0.000000018631 0.924775 0.000271
66.621686 0.000000018610 0.924971 0.000269
66.694656 0.000000018590 0.925167 0.000268
66.767626 0.000000018570 0.925361 0.000267
66.840596 0.000000018549 0.925554 0.000266
66.913566 0.000000018529 0.925747 0.000264
66.986536 0.000000018509 0.925938 0.000263
67.059506 0.000000018489 0.926129 0.000262
67.132477 0.000000018469 0.926319 0.000261
67.205447 0.000000018449 0.926508 0.000260
67.278417 0.000000018429 0.926696 0.000258
67.351387 0.000000018409 0.926883 0.000257
67.424357 0.000000018389 0.927069 0.000256
67.497327 0.000000018369 0.927255 0.000255
67.570297 0.000000018349 0.927440 0.000254
67.643267 0.000000018329 0.927624 0.000253
67.716237 0.000000018310 0.927807 0.000252
67.789207 0.000000018290 0.927989 0.000250
67.862177 0.000000018270 0.928171 0.000249
67.935147 0.000000018251 0.928351 0.000248
68.008118 0.000000018231 0.928532 0.000247
68.081088 0.000000018212 0.928711 0.000246
68.154058 0.000000018192 0.928889 0.000245
68.227028 0.000000018173 0.929067 0.000244
68.299998 0.000000018153 0.929244 0.000243
68.372968 0.000000018134 0.929419 0.000242
68.445938 0.000000018114 0.929595 0.000241
68.518908 0.000000018095 0.929769 0.000240
68.591878 0.000000018076 0.929943 0.000239
68.664848 0.000000018057 0.930116 0.000238
68.737818 0.000000018038 0.930289 0.000237
68.810788 0.000000018018 0.930460 0.000236
68.883759 0.000000017999 0.930631 0.000235
68.956729 0.000000017980 0.930802 0.000234
69.029699 0.000000017961 0.930971 0.000233
69.102669 0.000000017942 0.931140 0.000232
69.175639 0.000000017923 0.931308 0.000231
69.248609 0.000000017904 0.931475 0.000230
69.321579 0.000000017886 0.931642 0.000229
69.394549 0.000000017867 0.931808 0.000228
69.467519 0.000000017848 0.931974 0.000227
69.540489 0.000000017829 0.932138 0.000226
69.613459 0.000000017811 0.932302 0.000225
69.686429 0.000000017792 0.932466 0.000224
69.759400 0.000000017773 0.932628 0.000223
69.832370 0.000000017755 0.932790 0.000223
69.905340 0.000000017736 0.932952 0.000222
69.978310 0.000000017718 0.933112 0.000221
70.051280 0.000000017699 0.933273 0.000220
70.124250 0.000000017681 0.933432 0.000219
70.197220 0.000000017663 0.933591 0.000218
70.270190 0.000000017644 0.933749 0.000217
70.343160 0.000000017626 0.933907 0.000216
70.416130 0.000000017608 0.934064 0.000215
70.489100 0.000000017589 0.934220 0.000215
70.562070 0.000000017571 0.934376 0.000214
70.635041 0.000000017553 0.934531 0.000213
70.708011 0.000000017535 0.934685 0.000212
70.780981 0.000000017517 0.934839 0.000211
70.853951 0.000000017499 0.934992 0.000210
70.926921 0.000000017481 0.935145 0.000210
70.999891 0.000000017463 0.935297 0.000209
71.072861 0.000000017445 0.935449 0.000208
71.145831 0.000000017427 0.935600 0.000207
71.218801 0.000000017409 0.935750 0.000206
71.291771 0.000000017391 0.935900 0.000206
71.364741 0.000000017374 0.936049 0.000205
71.437711 0.000000017356 0.936198 0.000204
71.510682 0.000000017338 0.936345 0.000203
71.583652 0.000000017320 0.936493 0.000202
71.656622 0.000000017303 0.936640 0.000202
71.729592 0.000000017285 0.936786 0.000201
71.802562 0.000000017268 0.936932 0.000200
71.875532 0.000000017250 0.937077 0.000199
71.948502 0.000000017233 0.937222 0.000199
72.021472 0.000000017215 0.937366 0.000198
72.094442 0.000000017198 0.937510 0.000197
72.167412 0.000000017180 0.937653 0.000196
72.240382 0.000000017163 0.937795 0.000196
72.313352 0.000000017146 0.937938 0.000195
72.386323 0.000000017128 0.938079 0.000194
72.459293 0.000000017111 0.938220 0.000194
72.532263 0.000000017094 0.938360 0.000193
72.605233 0.000000017077 0.938500 0.000192
72.678203 0.000000017060 0.938640 0.000191
72.751173 0.000000017042 0.938779 0.000191
72.824143 0.000000017025 0.938917 0.000190
72.897113 0.000000017008 0.939055 0.000189
