0.059068 0.000020990370 2.721393 0.000000
0.118135 0.000010495274 2.721998 0.000691
0.177203 0.000006996830 2.723018 0.001388
0.236270 0.000005247637 2.724460 0.002101
0.295338 0.000004198102 2.726339 0.002837
0.354405 0.000003498425 2.728681 0.003605
0.413473 0.000002998646 2.731506 0.004416
0.472540 0.000002623818 2.734850 0.005283
0.531608 0.000002332281 2.738764 0.006222
0.590675 0.000002099055 2.743306 0.007254
0.649743 0.000001908230 2.748545 0.008406
0.708810 0.000001749212 2.754578 0.009715
0.767878 0.000001614656 2.761533 0.011236
0.826946 0.000001499323 2.769572 0.013047
0.886013 0.000001399369 2.778923 0.015276
0.945081 0.000001311908 2.789872 0.018134
1.004148 0.000001234737 2.802722 0.022013
1.063216 0.000001166140 2.817388 0.027699
1.122283 0.000001104765 2.831374 0.036840
1.181351 0.000001049527 2.836753 0.052113
1.240418 0.000000999549 2.835057 0.071348
1.299486 0.000000954115 2.845804 0.079640
1.358553 0.000000912632 2.872440 0.077394
1.417621 0.000000874606 2.905579 0.082275
1.476688 0.000000839622 2.939094 0.101979
1.535756 0.000000807328 2.972059 0.136364
1.594823 0.000000777427 2.997539 0.187726
1.653891 0.000000749662 2.995494 0.265697
1.712959 0.000000723811 2.936860 0.374846
1.772026 0.000000699685 2.755176 0.513616
1.831094 0.000000677114 2.543274 0.622132
1.890161 0.000000655954 2.449852 0.560468
1.949229 0.000000636077 2.436174 0.418564
2.008296 0.000000617369 2.464096 0.296523
2.067364 0.000000599730 2.506167 0.206812
2.126431 0.000000583070 2.545412 0.153316
2.185499 0.000000567312 2.577636 0.123770
2.244566 0.000000552383 2.607685 0.105625
2.303634 0.000000538219 2.637433 0.092425
2.362701 0.000000524763 2.665565 0.085394
2.421769 0.000000511964 2.689149 0.085063
2.480837 0.000000499775 2.706771 0.090603
2.539904 0.000000488152 2.723195 0.096941
2.598972 0.000000477058 2.741962 0.101006
2.658039 0.000000466456 2.763625 0.105153
2.717107 0.000000456316 2.784114 0.113564
2.776174 0.000000446607 2.799296 0.129006
2.835242 0.000000437303 2.804477 0.150633
2.894309 0.000000428378 2.802856 0.174006
2.953377 0.000000419811 2.801027 0.190851
3.012444 0.000000411579 2.806288 0.200852
3.071512 0.000000403664 2.816685 0.206051
3.130579 0.000000396048 2.815860 0.221480
3.189647 0.000000388714 2.812903 0.240641
3.248714 0.000000381646 2.803304 0.254800
3.307782 0.000000374831 2.793857 0.267774
3.366850 0.000000368255 2.801869 0.265235
3.425917 0.000000361906 2.823326 0.257986
3.484985 0.000000355772 2.831695 0.266746
3.544052 0.000000349842 2.822370 0.295062
3.603120 0.000000344107 2.819272 0.314586
3.662187 0.000000338557 2.818570 0.324062
3.721255 0.000000333183 2.811492 0.341308
3.780322 0.000000327977 2.802231 0.358733
3.839390 0.000000322931 2.784269 0.377049
3.898457 0.000000318038 2.751940 0.398276
3.957525 0.000000313292 2.720900 0.409131
4.016592 0.000000308684 2.703186 0.400762
4.075660 0.000000304211 2.696694 0.383176
4.134728 0.000000299865 2.691905 0.368089
4.193795 0.000000295641 2.669223 0.364344
4.252863 0.000000291535 2.642970 0.360930
4.311930 0.000000287542 2.641597 0.329617
4.370998 0.000000283656 2.655629 0.286550
4.430065 0.000000279874 2.678356 0.250128
4.489133 0.000000276191 2.709446 0.219274
4.548200 0.000000272604 2.739075 0.197408
4.607268 0.000000269109 2.761302 0.187549
4.666335 0.000000265703 2.788876 0.176819
4.725403 0.000000262382 2.829465 0.159040
4.784470 0.000000259142 2.880957 0.142803
4.843538 0.000000255982 2.937349 0.137926
4.902606 0.000000252898 2.992106 0.149025
4.961673 0.000000249887 3.021185 0.182426
5.020741 0.000000246947 3.008806 0.240311
5.079808 0.000000244076 3.011939 0.278192
5.138876 0.000000241271 3.013799 0.285777
5.197943 0.000000238529 3.011229 0.301967
5.257011 0.000000235849 3.033896 0.292742
5.316078 0.000000233228 3.085814 0.268182
5.375146 0.000000230665 3.157837 0.248305
5.434213 0.000000228158 3.249488 0.244683
5.493281 0.000000225705 3.362775 0.259409
5.552348 0.000000223304 3.490222 0.307119
5.611416 0.000000220953 3.620147 0.405695
5.670483 0.000000218651 3.670874 0.588198
5.729551 0.000000216397 3.481096 0.908434
5.788619 0.000000214189 3.075117 1.273077
5.847686 0.000000212026 2.681233 1.451396
5.906754 0.000000209905 2.486230 1.332440
5.965821 0.000000207827 2.451857 1.079217
6.024889 0.000000205790 2.508179 0.839599
6.083956 0.000000203792 2.561454 0.686385
6.143024 0.000000201832 2.594958 0.606032
6.202091 0.000000199910 2.624686 0.545515
6.261159 0.000000198024 2.676870 0.478672
6.320226 0.000000196173 2.742832 0.411965
6.379294 0.000000194357 2.817825 0.363631
6.438361 0.000000192574 2.896737 0.331030
6.497429 0.000000190823 2.963845 0.322206
6.556497 0.000000189104 3.016545 0.333114
6.615564 0.000000187415 3.064943 0.347763
6.674632 0.000000185757 3.119316 0.358621
6.733699 0.000000184128 3.174318 0.371115
6.792767 0.000000182526 3.219494 0.396317
6.851834 0.000000180953 3.258587 0.428910
6.910902 0.000000179406 3.291165 0.460520
6.969969 0.000000177886 3.327374 0.491776
7.029037 0.000000176391 3.385160 0.509979
7.088104 0.000000174921 3.452304 0.533743
7.147172 0.000000173475 3.493182 0.587892
7.206239 0.000000172054 3.496634 0.673282
7.265307 0.000000170655 3.486149 0.752165
7.324375 0.000000169278 3.480076 0.808695
7.383442 0.000000167924 3.484411 0.845399
7.442510 0.000000166592 3.495461 0.878489
7.501577 0.000000165280 3.502433 0.913973
7.560645 0.000000163989 3.505867 0.954934
7.619712 0.000000162717 3.508782 0.991723
7.678780 0.000000161466 3.521916 1.021291
7.737847 0.000000160233 3.550497 1.043064
7.796915 0.000000159019 3.579884 1.071149
7.855982 0.000000157824 3.617730 1.110201
7.915050 0.000000156646 3.654286 1.154808
7.974117 0.000000155485 3.678845 1.220075
8.033185 0.000000154342 3.701870 1.292082
8.092252 0.000000153216 3.721173 1.366052
8.151320 0.000000152105 3.726615 1.454181
8.210388 0.000000151011 3.735012 1.543945
8.269455 0.000000149932 3.741858 1.635992
8.328523 0.000000148869 3.730097 1.746479
8.387590 0.000000147821 3.681025 1.880325
8.446658 0.000000146787 3.601637 2.022633
8.505725 0.000000145768 3.502247 2.152896
8.564793 0.000000144762 3.392436 2.265798
8.623860 0.000000143771 3.253373 2.368974
8.682928 0.000000142793 3.080761 2.467051
8.741995 0.000000141828 2.903051 2.528107
8.801063 0.000000140876 2.740023 2.539579
8.860130 0.000000139937 2.608339 2.505492
8.919198 0.000000139010 2.489186 2.448990
8.978266 0.000000138096 2.412509 2.371362
9.037333 0.000000137193 2.381463 2.267102
9.096401 0.000000136302 2.373929 2.174892
9.155468 0.000000135423 2.368227 2.109112
9.214536 0.000000134555 2.348914 2.070175
9.273603 0.000000133698 2.332800 2.039307
9.332671 0.000000132851 2.334109 1.997979
9.391738 0.000000132016 2.331226 1.965907
9.450806 0.000000131191 2.304941 1.955883
9.509873 0.000000130376 2.277888 1.945312
9.568941 0.000000129571 2.261145 1.914136
9.628008 0.000000128776 2.265704 1.872216
9.687076 0.000000127991 2.296639 1.823229
9.746143 0.000000127215 2.323033 1.791326
9.805211 0.000000126449 2.324478 1.792914
9.864279 0.000000125692 2.318364 1.799253
9.923346 0.000000124944 2.325843 1.789157
9.982414 0.000000124204 2.353044 1.768138
10.041481 0.000000123474 2.373640 1.758056
10.100549 0.000000122752 2.381966 1.769986
10.159616 0.000000122038 2.396815 1.777746
10.218684 0.000000121333 2.422579 1.781075
10.277751 0.000000120635 2.446360 1.792317
10.336819 0.000000119946 2.460243 1.822131
10.395886 0.000000119264 2.454074 1.864186
10.454954 0.000000118591 2.434378 1.912248
10.514021 0.000000117924 2.415470 1.948723
10.573089 0.000000117266 2.399738 1.975569
10.632157 0.000000116614 2.379131 2.003280
10.691224 0.000000115970 2.348031 2.034636
10.750292 0.000000115333 2.315096 2.063184
10.809359 0.000000114702 2.294766 2.077373
10.868427 0.000000114079 2.275509 2.088773
10.927494 0.000000113462 2.247460 2.111047
10.986562 0.000000112852 2.217402 2.134954
11.045629 0.000000112249 2.177058 2.157755
11.104697 0.000000111652 2.120239 2.185593
11.163764 0.000000111061 2.064485 2.200480
11.222832 0.000000110476 2.022249 2.194065
11.281899 0.000000109898 1.996936 2.174422
11.340967 0.000000109326 1.971533 2.157271
11.400035 0.000000108759 1.944441 2.149455
11.459102 0.000000108199 1.919560 2.139193
11.518170 0.000000107644 1.896507 2.127010
11.577237 0.000000107095 1.870698 2.116248
11.636305 0.000000106551 1.854965 2.100761
11.695372 0.000000106013 1.843106 2.080510
11.754440 0.000000105480 1.833223 2.066161
11.813507 0.000000104953 1.829875 2.051844
11.872575 0.000000104431 1.816547 2.043905
11.931642 0.000000103914 1.785424 2.048838
11.990710 0.000000103402 1.770936 2.039559
12.049777 0.000000102895 1.779084 2.007850
12.108845 0.000000102393 1.777982 1.991358
12.167912 0.000000101896 1.764728 1.992255
12.226980 0.000000101404 1.742378 1.991901
12.286048 0.000000100916 1.726229 1.981923
12.345115 0.000000100433 1.732015 1.952540
12.404183 0.000000099955 1.744911 1.921828
12.463250 0.000000099481 1.755140 1.903818
12.522318 0.000000099012 1.770294 1.889747
12.581385 0.000000098547 1.800785 1.870641
12.640453 0.000000098087 1.837232 1.856950
12.699520 0.000000097630 1.865601 1.861843
12.758588 0.000000097178 1.888748 1.879730
12.817655 0.000000096731 1.899866 1.904207
12.876723 0.000000096287 1.904148 1.934996
12.935790 0.000000095847 1.914329 1.957349
12.994858 0.000000095412 1.920058 1.980654
13.053926 0.000000094980 1.915704 2.012195
13.112993 0.000000094552 1.914289 2.040827
13.172061 0.000000094128 1.920675 2.061463
13.231128 0.000000093708 1.923505 2.086923
13.290196 0.000000093291 1.927778 2.119210
13.349263 0.000000092878 1.925212 2.155539
13.408331 0.000000092469 1.911475 2.201933
13.467398 0.000000092064 1.897068 2.248547
13.526466 0.000000091662 1.883222 2.290440
13.585533 0.000000091263 1.848969 2.344476
13.644601 0.000000090868 1.800349 2.404730
13.703668 0.000000090476 1.737975 2.458261
13.762736 0.000000090088 1.671148 2.499676
13.821804 0.000000089703 1.608094 2.525569
13.880871 0.000000089321 1.554001 2.533836
13.939939 0.000000088943 1.497203 2.539666
13.999006 0.000000088568 1.454829 2.536587
14.058074 0.000000088196 1.430016 2.520979
14.117141 0.000000087827 1.411996 2.510628
14.176209 0.000000087461 1.381058 2.517128
14.235276 0.000000087098 1.337379 2.536460
14.294344 0.000000086738 1.295155 2.548372
14.353411 0.000000086381 1.252546 2.553045
14.412479 0.000000086027 1.217435 2.553699
14.471546 0.000000085676 1.184215 2.550810
14.530614 0.000000085327 1.147921 2.555002
14.589681 0.000000084982 1.108276 2.560439
14.648749 0.000000084639 1.060925 2.570113
14.707817 0.000000084299 1.017155 2.573714
14.766884 0.000000083962 0.970221 2.576037
14.825952 0.000000083628 0.922030 2.578604
14.885019 0.000000083296 0.853703 2.586173
14.944087 0.000000082967 0.765425 2.597150
15.003154 0.000000082640 0.692320 2.582051
15.062222 0.000000082316 0.644328 2.534412
15.121289 0.000000081994 0.600300 2.485226
15.180357 0.000000081675 0.558999 2.443015
15.239424 0.000000081359 0.531220 2.393080
15.298492 0.000000081045 0.518109 2.338791
15.357559 0.000000080733 0.505274 2.291862
15.416627 0.000000080424 0.487871 2.258661
15.475695 0.000000080117 0.472960 2.225414
15.534762 0.000000079812 0.458476 2.193261
15.593830 0.000000079510 0.444456 2.162537
15.652897 0.000000079210 0.430950 2.133444
15.711965 0.000000078912 0.411987 2.106382
15.771032 0.000000078616 0.392298 2.080344
15.830100 0.000000078323 0.384505 2.044077
15.889167 0.000000078032 0.382879 2.005393
15.948235 0.000000077743 0.383039 1.971882
16.007302 0.000000077456 0.375859 1.947901
16.066370 0.000000077171 0.373783 1.924254
16.125437 0.000000076888 0.371613 1.898032
16.184505 0.000000076608 0.363525 1.879861
16.243572 0.000000076329 0.355392 1.860784
16.302640 0.000000076053 0.344701 1.840244
16.361708 0.000000075778 0.335824 1.818067
16.420775 0.000000075506 0.334490 1.789805
16.479843 0.000000075235 0.335474 1.761287
16.538910 0.000000074966 0.333102 1.738754
16.597978 0.000000074699 0.328957 1.717993
16.657045 0.000000074435 0.332036 1.693340
16.716113 0.000000074172 0.342938 1.664480
16.775180 0.000000073910 0.351544 1.642377
16.834248 0.000000073651 0.352243 1.629832
16.893315 0.000000073393 0.354368 1.617493
16.952383 0.000000073138 0.363720 1.598781
17.011450 0.000000072884 0.372598 1.583423
17.070518 0.000000072632 0.377280 1.575684
17.129586 0.000000072381 0.373828 1.573033
17.188653 0.000000072132 0.358341 1.574299
17.247721 0.000000071885 0.346165 1.568211
17.306788 0.000000071640 0.345987 1.547091
17.365856 0.000000071396 0.347233 1.524946
17.424923 0.000000071154 0.352520 1.506923
17.483991 0.000000070914 0.367363 1.485838
17.543058 0.000000070675 0.381866 1.470525
17.602126 0.000000070438 0.389277 1.467634
17.661193 0.000000070202 0.391214 1.470208
17.720261 0.000000069968 0.385096 1.475837
17.779328 0.000000069736 0.369153 1.482935
17.838396 0.000000069505 0.344912 1.487005
17.897464 0.000000069276 0.329485 1.477924
17.956531 0.000000069048 0.326482 1.453657
18.015599 0.000000068821 0.330688 1.428696
18.074666 0.000000068597 0.338107 1.407189
18.133734 0.000000068373 0.347692 1.390830
18.192801 0.000000068151 0.363648 1.376074
18.251869 0.000000067931 0.385023 1.365383
18.310936 0.000000067711 0.395220 1.367552
18.370004 0.000000067494 0.383688 1.388113
18.429071 0.000000067277 0.365413 1.407311
18.488139 0.000000067062 0.350216 1.412726
18.547206 0.000000066849 0.327330 1.415083
18.606274 0.000000066637 0.299243 1.416377
18.665341 0.000000066426 0.280389 1.405199
18.724409 0.000000066216 0.276696 1.379010
18.783477 0.000000066008 0.275450 1.355970
18.842544 0.000000065801 0.272075 1.340359
18.901612 0.000000065595 0.268452 1.328035
18.960679 0.000000065391 0.266308 1.314369
19.019747 0.000000065188 0.260469 1.303335
19.078814 0.000000064986 0.254248 1.292585
19.137882 0.000000064786 0.246344 1.279764
19.196949 0.000000064586 0.243084 1.263301
19.256017 0.000000064388 0.246431 1.241382
19.315084 0.000000064191 0.256946 1.218836
19.374152 0.000000063996 0.272951 1.198398
19.433219 0.000000063801 0.289517 1.185043
19.492287 0.000000063608 0.302600 1.180131
19.551355 0.000000063416 0.310521 1.182751
19.610422 0.000000063225 0.311753 1.189173
19.669490 0.000000063035 0.305129 1.199443
19.728557 0.000000062846 0.294828 1.206647
19.787625 0.000000062658 0.282454 1.210309
19.846692 0.000000062472 0.274770 1.207473
19.905760 0.000000062286 0.271567 1.200133
19.964827 0.000000062102 0.264560 1.196226
20.023895 0.000000061919 0.253083 1.196588
20.082962 0.000000061737 0.238853 1.195318
20.142030 0.000000061556 0.228068 1.189225
20.201097 0.000000061376 0.218024 1.179278
20.260165 0.000000061197 0.206354 1.170962
20.319232 0.000000061019 0.197251 1.159575
20.378300 0.000000060842 0.189020 1.146250
20.437368 0.000000060666 0.185440 1.131241
20.496435 0.000000060491 0.186940 1.113968
20.555503 0.000000060318 0.189157 1.100402
20.614570 0.000000060145 0.186396 1.092174
20.673638 0.000000059973 0.177933 1.089304
20.732705 0.000000059802 0.174442 1.081439
20.791773 0.000000059632 0.174022 1.069982
20.850840 0.000000059463 0.163505 1.065738
20.909908 0.000000059295 0.141170 1.067340
20.968975 0.000000059128 0.122967 1.059509
21.028043 0.000000058962 0.118554 1.035693
21.087110 0.000000058797 0.120191 1.009147
21.146178 0.000000058633 0.118959 0.990105
21.205246 0.000000058469 0.112840 0.976233
21.264313 0.000000058307 0.110143 0.959890
21.323381 0.000000058146 0.116116 0.936168
21.382448 0.000000057985 0.120955 0.915055
21.441516 0.000000057825 0.127111 0.898641
21.500583 0.000000057666 0.136700 0.880695
21.559651 0.000000057508 0.147092 0.865581
21.618718 0.000000057351 0.154867 0.854738
21.677786 0.000000057195 0.158779 0.847810
21.736853 0.000000057039 0.160888 0.841068
21.795921 0.000000056885 0.166882 0.831000
21.854988 0.000000056731 0.175424 0.818821
21.914056 0.000000056578 0.180168 0.811021
21.973124 0.000000056426 0.185221 0.805063
22.032191 0.000000056275 0.192146 0.796727
22.091259 0.000000056124 0.198299 0.789934
22.150326 0.000000055975 0.203404 0.785137
22.209394 0.000000055826 0.210900 0.779920
22.268461 0.000000055678 0.216973 0.775766
22.327529 0.000000055531 0.217218 0.776747
22.386596 0.000000055384 0.216255 0.777820
22.445664 0.000000055238 0.215520 0.775788
22.504731 0.000000055093 0.213862 0.773106
22.563799 0.000000054949 0.212789 0.769886
22.622866 0.000000054806 0.210743 0.765759
22.681934 0.000000054663 0.207956 0.762545
22.741001 0.000000054521 0.204643 0.757936
22.800069 0.000000054380 0.197809 0.753901
22.859137 0.000000054239 0.193637 0.747664
22.918204 0.000000054099 0.192396 0.736048
22.977272 0.000000053960 0.190731 0.726059
23.036339 0.000000053822 0.191805 0.714816
23.095407 0.000000053684 0.196117 0.702303
23.154474 0.000000053547 0.202180 0.690786
23.213542 0.000000053411 0.207587 0.682310
23.272609 0.000000053275 0.210529 0.677295
23.331677 0.000000053141 0.212310 0.673264
23.390744 0.000000053006 0.211334 0.669844
23.449812 0.000000052873 0.209561 0.665975
23.508879 0.000000052740 0.209294 0.659403
23.567947 0.000000052608 0.213184 0.650358
23.627015 0.000000052476 0.215435 0.642415
23.686082 0.000000052345 0.213414 0.639233
23.745150 0.000000052215 0.211320 0.634694
23.804217 0.000000052086 0.211603 0.626550
23.863285 0.000000051957 0.213704 0.617224
23.922352 0.000000051828 0.216195 0.608280
23.981420 0.000000051701 0.215833 0.601821
24.040487 0.000000051574 0.215745 0.595122
24.099555 0.000000051447 0.218492 0.585251
24.158622 0.000000051322 0.223572 0.574277
24.217690 0.000000051196 0.230772 0.564303
24.276757 0.000000051072 0.238773 0.555833
24.335825 0.000000050948 0.241059 0.552270
24.394893 0.000000050825 0.241014 0.551069
24.453960 0.000000050702 0.244140 0.545085
24.513028 0.000000050580 0.247713 0.537914
24.572095 0.000000050458 0.252054 0.531800
24.631163 0.000000050337 0.253460 0.526989
24.690230 0.000000050217 0.253317 0.523478
24.749298 0.000000050097 0.256169 0.516276
24.808365 0.000000049977 0.263088 0.506377
24.867433 0.000000049859 0.271143 0.497334
24.926500 0.000000049741 0.275984 0.492650
24.985568 0.000000049623 0.282293 0.488703
25.044635 0.000000049506 0.289653 0.483156
25.103703 0.000000049389 0.297509 0.479502
25.162770 0.000000049274 0.304510 0.477311
25.221838 0.000000049158 0.308351 0.478185
25.280906 0.000000049043 0.310635 0.479697
25.339973 0.000000048929 0.313993 0.479933
25.399041 0.000000048815 0.317746 0.478936
25.458108 0.000000048702 0.317108 0.481007
25.517176 0.000000048589 0.314254 0.483975
25.576243 0.000000048477 0.311841 0.483713
25.635311 0.000000048365 0.310974 0.480880
25.694378 0.000000048254 0.312493 0.476360
25.753446 0.000000048143 0.315093 0.471849
25.812513 0.000000048033 0.315822 0.469671
25.871581 0.000000047924 0.313849 0.469380
25.930648 0.000000047814 0.312108 0.468035
25.989716 0.000000047706 0.313034 0.463543
26.048784 0.000000047598 0.314402 0.458915
26.107851 0.000000047490 0.314301 0.456100
26.166919 0.000000047383 0.313189 0.453992
26.225986 0.000000047276 0.312486 0.450752
26.285054 0.000000047170 0.312891 0.446223
26.344121 0.000000047064 0.315406 0.440873
26.403189 0.000000046959 0.318474 0.435904
26.462256 0.000000046854 0.319774 0.433601
26.521324 0.000000046750 0.319258 0.432751
26.580391 0.000000046646 0.317024 0.431855
26.639459 0.000000046542 0.314672 0.429937
26.698526 0.000000046439 0.314731 0.425295
26.757594 0.000000046337 0.316104 0.419734
26.816661 0.000000046235 0.316161 0.415857
26.875729 0.000000046133 0.315127 0.413284
26.934797 0.000000046032 0.314624 0.409615
26.993864 0.000000045931 0.315586 0.404907
27.052932 0.000000045831 0.317270 0.399973
27.111999 0.000000045731 0.316860 0.397086
27.171067 0.000000045632 0.315619 0.395142
27.230134 0.000000045533 0.313924 0.392033
27.289202 0.000000045434 0.312017 0.388670
27.348269 0.000000045336 0.312257 0.383384
27.407337 0.000000045238 0.310961 0.378517
27.466404 0.000000045141 0.308986 0.374839
27.525472 0.000000045044 0.308147 0.369404
27.584539 0.000000044948 0.308787 0.362840
27.643607 0.000000044852 0.309065 0.356723
27.702675 0.000000044756 0.308893 0.351780
27.761742 0.000000044661 0.307313 0.346829
27.820810 0.000000044566 0.306051 0.341555
27.879877 0.000000044471 0.307037 0.333783
27.938945 0.000000044377 0.309876 0.325322
27.998012 0.000000044284 0.311582 0.318334
28.057080 0.000000044191 0.312284 0.313131
28.116147 0.000000044098 0.313519 0.306877
28.175215 0.000000044005 0.315512 0.299813
28.234282 0.000000043913 0.319059 0.292199
28.293350 0.000000043822 0.323473 0.284701
28.352417 0.000000043730 0.327968 0.278397
28.411485 0.000000043639 0.331546 0.273444
28.470553 0.000000043549 0.334281 0.269493
28.529620 0.000000043459 0.336592 0.265323
28.588688 0.000000043369 0.338488 0.261049
28.647755 0.000000043279 0.341307 0.255899
28.706823 0.000000043190 0.345585 0.249863
28.765890 0.000000043102 0.349364 0.244521
28.824958 0.000000043013 0.352370 0.240659
28.884025 0.000000042925 0.355254 0.236574
28.943093 0.000000042838 0.357897 0.232300
29.002160 0.000000042751 0.361480 0.227546
29.061228 0.000000042664 0.366245 0.222044
29.120295 0.000000042577 0.370709 0.217459
29.179363 0.000000042491 0.374413 0.214076
29.238430 0.000000042405 0.376936 0.211258
29.297498 0.000000042320 0.379827 0.207933
29.356566 0.000000042234 0.384774 0.203045
29.415633 0.000000042150 0.390384 0.198119
29.474701 0.000000042065 0.394055 0.195538
29.533768 0.000000041981 0.396849 0.193905
29.592836 0.000000041897 0.400455 0.191146
29.651903 0.000000041814 0.404630 0.187682
29.710971 0.000000041731 0.408289 0.185043
29.770038 0.000000041648 0.410856 0.183031
29.829106 0.000000041565 0.413092 0.181131
29.888173 0.000000041483 0.416862 0.177556
29.947241 0.000000041401 0.421606 0.173503
30.006308 0.000000041320 0.426894 0.170115
30.065376 0.000000041239 0.431819 0.167842
30.124444 0.000000041158 0.435181 0.167015
30.183511 0.000000041077 0.437433 0.166942
30.242579 0.000000040997 0.439964 0.165850
30.301646 0.000000040917 0.442582 0.164162
30.360714 0.000000040838 0.445458 0.162262
30.419781 0.000000040758 0.447554 0.160612
30.478849 0.000000040679 0.450150 0.158810
30.537916 0.000000040601 0.453859 0.155914
30.596984 0.000000040522 0.458103 0.153259
30.656051 0.000000040444 0.462721 0.151205
30.715119 0.000000040366 0.466156 0.150431
30.774186 0.000000040289 0.469068 0.150630
30.833254 0.000000040212 0.471630 0.150533
30.892322 0.000000040135 0.473012 0.151038
30.951389 0.000000040058 0.473871 0.151458
31.010457 0.000000039982 0.474315 0.151242
31.069524 0.000000039906 0.474540 0.150556
31.128592 0.000000039830 0.475537 0.148908
31.187659 0.000000039755 0.477203 0.146510
31.246727 0.000000039680 0.478606 0.144535
31.305794 0.000000039605 0.479933 0.142832
31.364862 0.000000039530 0.480858 0.141132
31.423929 0.000000039456 0.481755 0.139283
31.482997 0.000000039382 0.483037 0.136883
31.542064 0.000000039308 0.484734 0.134072
31.601132 0.000000039235 0.486617 0.131303
31.660199 0.000000039161 0.489030 0.128516
31.719267 0.000000039089 0.491098 0.125942
31.778335 0.000000039016 0.492513 0.124103
31.837402 0.000000038943 0.494078 0.121817
31.896470 0.000000038871 0.495996 0.118960
31.955537 0.000000038800 0.498921 0.115551
32.014605 0.000000038728 0.502727 0.111930
32.073672 0.000000038657 0.506584 0.108986
32.132740 0.000000038586 0.510341 0.106935
32.191807 0.000000038515 0.514045 0.105303
32.250875 0.000000038444 0.517156 0.104276
32.309942 0.000000038374 0.519372 0.103870
32.369010 0.000000038304 0.521473 0.103300
32.428077 0.000000038234 0.524347 0.101956
32.487145 0.000000038165 0.527494 0.100468
32.546213 0.000000038095 0.529984 0.099852
32.605280 0.000000038026 0.531454 0.099927
32.664348 0.000000037958 0.532302 0.099974
32.723415 0.000000037889 0.533873 0.099042
32.782483 0.000000037821 0.536182 0.097223
32.841550 0.000000037753 0.538184 0.095906
32.900618 0.000000037685 0.539990 0.095044
32.959685 0.000000037617 0.541863 0.093991
33.018753 0.000000037550 0.544095 0.092854
33.077820 0.000000037483 0.546662 0.091633
33.136888 0.000000037416 0.548939 0.091022
33.195955 0.000000037350 0.550366 0.091154
33.255023 0.000000037283 0.550686 0.091812
33.314090 0.000000037217 0.551131 0.091990
33.373158 0.000000037151 0.551840 0.091317
33.432226 0.000000037086 0.551803 0.090968
33.491293 0.000000037020 0.551128 0.090831
33.550361 0.000000036955 0.550019 0.090195
33.609428 0.000000036890 0.548765 0.088937
33.668496 0.000000036825 0.547622 0.086802
33.727563 0.000000036761 0.546727 0.083927
33.786631 0.000000036697 0.546749 0.080115
33.845698 0.000000036633 0.547477 0.075614
33.904766 0.000000036569 0.549010 0.070966
33.963833 0.000000036505 0.551298 0.066140
34.022901 0.000000036442 0.554330 0.061464
34.081968 0.000000036379 0.557116 0.057332
34.141036 0.000000036316 0.560044 0.053784
34.200104 0.000000036253 0.564167 0.049594
34.259171 0.000000036191 0.568698 0.045645
34.318239 0.000000036128 0.573379 0.042551
34.377306 0.000000036066 0.578150 0.040084
34.436374 0.000000036004 0.582601 0.038338
34.495441 0.000000035943 0.586531 0.037339
34.554509 0.000000035881 0.590114 0.036680
34.613576 0.000000035820 0.593174 0.036209
34.672644 0.000000035759 0.595810 0.035873
34.731711 0.000000035698 0.598233 0.035298
34.790779 0.000000035638 0.600855 0.034356
34.849846 0.000000035577 0.604140 0.032897
34.908914 0.000000035517 0.607520 0.031501
34.967982 0.000000035457 0.610642 0.030678
35.027049 0.000000035397 0.613609 0.030057
35.086117 0.000000035338 0.616586 0.029441
35.145184 0.000000035278 0.619793 0.028724
35.204252 0.000000035219 0.623102 0.028074
35.263319 0.000000035160 0.626081 0.027838
35.322387 0.000000035101 0.628858 0.027907
35.381454 0.000000035043 0.631607 0.027910
35.440522 0.000000034984 0.634179 0.028017
35.499589 0.000000034926 0.636547 0.028245
35.558657 0.000000034868 0.638880 0.028459
35.617724 0.000000034810 0.641127 0.028648
35.676792 0.000000034753 0.643196 0.028922
35.735859 0.000000034695 0.644877 0.029320
35.794927 0.000000034638 0.646411 0.029662
35.853995 0.000000034581 0.648348 0.029543
35.913062 0.000000034524 0.650722 0.029128
35.972130 0.000000034467 0.652832 0.029111
36.031197 0.000000034411 0.654333 0.029665
36.090265 0.000000034354 0.655348 0.030329
36.149332 0.000000034298 0.656456 0.030600
36.208400 0.000000034242 0.657903 0.030297
36.267467 0.000000034187 0.659392 0.029953
36.326535 0.000000034131 0.661116 0.029614
36.385602 0.000000034076 0.662585 0.029398
36.444670 0.000000034020 0.663828 0.029477
36.503737 0.000000033965 0.665059 0.029346
36.562805 0.000000033910 0.666028 0.029201
36.621873 0.000000033856 0.667398 0.028760
36.680940 0.000000033801 0.669034 0.027968
36.740008 0.000000033747 0.670683 0.027406
36.799075 0.000000033693 0.672273 0.026987
36.858143 0.000000033639 0.673736 0.026712
36.917210 0.000000033585 0.675239 0.026406
36.976278 0.000000033531 0.676642 0.026089
37.035345 0.000000033478 0.678145 0.025780
37.094413 0.000000033424 0.679629 0.025378
37.153480 0.000000033371 0.680947 0.025162
37.212548 0.000000033318 0.682265 0.024874
37.271615 0.000000033266 0.683575 0.024509
37.330683 0.000000033213 0.685061 0.024020
37.389750 0.000000033160 0.686625 0.023469
37.448818 0.000000033108 0.688105 0.023067
37.507886 0.000000033056 0.689772 0.022652
37.566953 0.000000033004 0.691410 0.022229
37.626021 0.000000032952 0.692726 0.022127
37.685088 0.000000032901 0.694061 0.021983
37.744156 0.000000032849 0.695453 0.021657
37.803223 0.000000032798 0.696998 0.021267
37.862291 0.000000032747 0.698626 0.020857
37.921358 0.000000032696 0.700022 0.020673
37.980426 0.000000032645 0.701456 0.020564
38.039493 0.000000032594 0.703008 0.020294
38.098561 0.000000032543 0.704344 0.020202
38.157628 0.000000032493 0.705452 0.020270
38.216696 0.000000032443 0.706497 0.020227
38.275764 0.000000032393 0.707607 0.019992
38.334831 0.000000032343 0.708938 0.019545
38.393899 0.000000032293 0.710439 0.019025
38.452966 0.000000032244 0.711988 0.018607
38.512034 0.000000032194 0.713528 0.018332
38.571101 0.000000032145 0.714926 0.018213
38.630169 0.000000032096 0.716185 0.018199
38.689236 0.000000032047 0.717367 0.018156
38.748304 0.000000031998 0.718663 0.017990
38.807371 0.000000031949 0.720094 0.017698
38.866439 0.000000031901 0.721452 0.017517
38.925506 0.000000031852 0.722711 0.017455
38.984574 0.000000031804 0.724037 0.017352
39.043642 0.000000031756 0.725545 0.017145
39.102709 0.000000031708 0.727027 0.017021
39.161777 0.000000031660 0.728274 0.017172
39.220844 0.000000031612 0.729445 0.017389
39.279912 0.000000031565 0.730563 0.017543
39.338979 0.000000031517 0.731630 0.017704
39.398047 0.000000031470 0.732565 0.017869
39.457114 0.000000031423 0.733233 0.018101
39.516182 0.000000031376 0.734000 0.018157
39.575249 0.000000031329 0.735102 0.017837
39.634317 0.000000031282 0.736295 0.017504
39.693384 0.000000031236 0.737369 0.017394
39.752452 0.000000031190 0.738360 0.017396
39.811519 0.000000031143 0.739219 0.017401
39.870587 0.000000031097 0.740075 0.017356
39.929655 0.000000031051 0.741170 0.017089
39.988722 0.000000031005 0.742453 0.016733
40.047790 0.000000030959 0.743785 0.016530
40.106857 0.000000030914 0.744935 0.016569
40.165925 0.000000030868 0.745797 0.016855
40.224992 0.000000030823 0.746465 0.017148
40.284060 0.000000030778 0.747099 0.017291
40.343127 0.000000030733 0.747823 0.017222
40.402195 0.000000030688 0.748616 0.017027
40.461262 0.000000030643 0.749467 0.016807
40.520330 0.000000030598 0.750355 0.016571
40.579397 0.000000030554 0.751215 0.016358
40.638465 0.000000030509 0.752120 0.016146
40.697533 0.000000030465 0.753106 0.015866
40.756600 0.000000030421 0.754150 0.015610
40.815668 0.000000030377 0.755222 0.015399
40.874735 0.000000030333 0.756140 0.015320
40.933803 0.000000030289 0.756970 0.015325
40.992870 0.000000030246 0.757800 0.015236
41.051938 0.000000030202 0.758699 0.015066
41.111005 0.000000030159 0.759661 0.014843
41.170073 0.000000030116 0.760628 0.014654
41.229140 0.000000030072 0.761512 0.014531
41.288208 0.000000030029 0.762379 0.014430
41.347275 0.000000029986 0.763342 0.014219
41.406343 0.000000029944 0.764414 0.013969
41.465411 0.000000029901 0.765573 0.013739
41.524478 0.000000029859 0.766615 0.013662
41.583546 0.000000029816 0.767575 0.013725
41.642613 0.000000029774 0.768518 0.013756
41.701681 0.000000029732 0.769428 0.013796
41.760748 0.000000029690 0.770332 0.013832
41.819816 0.000000029648 0.771204 0.013880
41.878883 0.000000029606 0.772062 0.013935
41.937951 0.000000029564 0.772796 0.014032
41.997018 0.000000029523 0.773482 0.014135
42.056086 0.000000029481 0.774222 0.014114
42.115153 0.000000029440 0.775016 0.014024
42.174221 0.000000029399 0.775931 0.013887
42.233288 0.000000029357 0.776886 0.013771
42.292356 0.000000029316 0.777719 0.013804
42.351424 0.000000029276 0.778462 0.013924
42.410491 0.000000029235 0.779189 0.013994
42.469559 0.000000029194 0.779921 0.014013
42.528626 0.000000029154 0.780737 0.013975
42.587694 0.000000029113 0.781596 0.013914
42.646761 0.000000029073 0.782422 0.013933
42.705829 0.000000029033 0.783248 0.014007
42.764896 0.000000028992 0.784050 0.014098
42.823964 0.000000028952 0.784698 0.014295
42.883031 0.000000028913 0.785248 0.014528
42.942099 0.000000028873 0.785759 0.014673
43.001166 0.000000028833 0.786316 0.014718
43.060234 0.000000028794 0.787004 0.014646
43.119302 0.000000028754 0.787764 0.014546
43.178369 0.000000028715 0.788468 0.014553
43.237437 0.000000028676 0.789109 0.014646
43.296504 0.000000028636 0.789791 0.014718
43.355572 0.000000028597 0.790462 0.014772
43.414639 0.000000028559 0.790998 0.014932
43.473707 0.000000028520 0.791546 0.015083
43.532774 0.000000028481 0.792162 0.015140
43.591842 0.000000028442 0.792712 0.015239
43.650909 0.000000028404 0.793137 0.015435
43.709977 0.000000028366 0.793461 0.015632
43.769044 0.000000028327 0.793797 0.015730
43.828112 0.000000028289 0.794158 0.015717
43.887179 0.000000028251 0.794674 0.015618
43.946247 0.000000028213 0.795268 0.015461
44.005315 0.000000028175 0.795781 0.015468
44.064382 0.000000028137 0.796175 0.015571
44.123450 0.000000028100 0.796492 0.015697
44.182517 0.000000028062 0.796795 0.015753
44.241585 0.000000028025 0.797047 0.015764
44.300652 0.000000027987 0.797330 0.015737
44.359720 0.000000027950 0.797679 0.015602
44.418787 0.000000027913 0.797845 0.015553
44.477855 0.000000027876 0.797994 0.015498
44.536922 0.000000027839 0.798300 0.015223
44.595990 0.000000027802 0.798697 0.014868
44.655057 0.000000027765 0.799209 0.014527
44.714125 0.000000027729 0.799708 0.014241
44.773193 0.000000027692 0.800014 0.014142
44.832260 0.000000027656 0.800238 0.014068
44.891328 0.000000027619 0.800507 0.013860
44.950395 0.000000027583 0.800913 0.013520
45.009463 0.000000027547 0.801423 0.013142
45.068530 0.000000027511 0.801861 0.012877
45.127598 0.000000027475 0.801998 0.012810
45.186665 0.000000027439 0.802064 0.012731
45.245733 0.000000027403 0.802311 0.012349
45.304800 0.000000027367 0.802562 0.011871
45.363868 0.000000027331 0.802744 0.011452
45.422935 0.000000027296 0.802973 0.010936
45.482003 0.000000027260 0.803345 0.010268
45.541071 0.000000027225 0.803921 0.009480
45.600138 0.000000027190 0.804574 0.008703
45.659206 0.000000027155 0.805186 0.008061
45.718273 0.000000027120 0.805833 0.007442
45.777341 0.000000027085 0.806528 0.006786
45.836408 0.000000027050 0.807317 0.006106
45.895476 0.000000027015 0.808282 0.005378
45.954543 0.000000026980 0.809391 0.004666
46.013611 0.000000026945 0.810517 0.004105
46.072678 0.000000026911 0.811594 0.003726
46.131746 0.000000026876 0.812632 0.003458
46.190813 0.000000026842 0.813632 0.003265
46.249881 0.000000026808 0.814617 0.003120
46.308948 0.000000026774 0.815532 0.003044
46.368016 0.000000026740 0.816304 0.003059
46.427084 0.000000026706 0.817006 0.003092
46.486151 0.000000026672 0.817795 0.003013
46.545219 0.000000026638 0.818621 0.002875
46.604286 0.000000026604 0.819367 0.002834
46.663354 0.000000026570 0.820064 0.002837
46.722421 0.000000026537 0.820743 0.002812
46.781489 0.000000026503 0.821425 0.002760
46.840556 0.000000026470 0.822185 0.002661
46.899624 0.000000026436 0.822983 0.002552
46.958691 0.000000026403 0.823708 0.002540
47.017759 0.000000026370 0.824367 0.002600
47.076826 0.000000026337 0.824995 0.002648
47.135894 0.000000026304 0.825619 0.002673
47.194962 0.000000026271 0.826250 0.002671
47.254029 0.000000026238 0.826839 0.002685
47.313097 0.000000026205 0.827446 0.002692
47.372164 0.000000026173 0.828092 0.002654
47.431232 0.000000026140 0.828709 0.002652
47.490299 0.000000026108 0.829285 0.002688
47.549367 0.000000026075 0.829835 0.002734
47.608434 0.000000026043 0.830407 0.002744
47.667502 0.000000026011 0.830923 0.002764
47.726569 0.000000025978 0.831418 0.002799
47.785637 0.000000025946 0.831973 0.002763
47.844704 0.000000025914 0.832600 0.002684
47.903772 0.000000025882 0.833218 0.002651
47.962840 0.000000025850 0.833782 0.002704
48.021907 0.000000025819 0.834245 0.002809
48.080975 0.000000025787 0.834609 0.002939
48.140042 0.000000025755 0.835029 0.002969
48.199110 0.000000025724 0.835516 0.002891
48.258177 0.000000025692 0.836035 0.002810
48.317245 0.000000025661 0.836601 0.002745
48.376312 0.000000025629 0.837158 0.002709
48.435380 0.000000025598 0.837630 0.002767
48.494447 0.000000025567 0.838030 0.002859
48.553515 0.000000025536 0.838387 0.002934
48.612582 0.000000025505 0.838794 0.002928
48.671650 0.000000025474 0.839218 0.002883
48.730717 0.000000025443 0.839617 0.002866
48.789785 0.000000025412 0.839927 0.002882
48.848853 0.000000025382 0.840161 0.002906
48.907920 0.000000025351 0.840469 0.002807
48.966988 0.000000025320 0.840826 0.002608
49.026055 0.000000025290 0.841166 0.002408
49.085123 0.000000025259 0.841612 0.002161
49.144190 0.000000025229 0.842198 0.001810
49.203258 0.000000025199 0.842826 0.001514
49.262325 0.000000025169 0.843462 0.001303
49.321393 0.000000025138 0.844084 0.001160
49.380460 0.000000025108 0.844681 0.001069
49.439528 0.000000025078 0.845257 0.001010
49.498595 0.000000025048 0.845814 0.000969
49.557663 0.000000025019 0.846358 0.000938
49.616731 0.000000024989 0.846889 0.000913
49.675798 0.000000024959 0.847411 0.000893
49.734866 0.000000024929 0.847922 0.000877
49.793933 0.000000024900 0.848427 0.000862
49.853001 0.000000024870 0.848924 0.000849
49.912068 0.000000024841 0.849416 0.000838
49.971136 0.000000024812 0.849901 0.000827
50.030203 0.000000024782 0.850381 0.000818
50.089271 0.000000024753 0.850857 0.000809
50.148338 0.000000024724 0.851327 0.000801
50.207406 0.000000024695 0.851793 0.000793
50.266473 0.000000024666 0.852255 0.000786
50.325541 0.000000024637 0.852714 0.000779
50.384608 0.000000024608 0.853167 0.000773
50.443676 0.000000024579 0.853618 0.000766
50.502744 0.000000024550 0.854066 0.000760
50.561811 0.000000024522 0.854510 0.000755
50.620879 0.000000024493 0.854950 0.000749
50.679946 0.000000024464 0.855388 0.000744
50.739014 0.000000024436 0.855822 0.000738
50.798081 0.000000024408 0.856254 0.000733
50.857149 0.000000024379 0.856683 0.000728
50.916216 0.000000024351 0.857109 0.000723
50.975284 0.000000024323 0.857532 0.000719
51.034351 0.000000024295 0.857952 0.000714
51.093419 0.000000024267 0.858370 0.000710
51.152486 0.000000024238 0.858785 0.000705
51.211554 0.000000024211 0.859198 0.000701
51.270622 0.000000024183 0.859608 0.000697
51.329689 0.000000024155 0.860016 0.000693
51.388757 0.000000024127 0.860421 0.000688
51.447824 0.000000024099 0.860824 0.000684
51.506892 0.000000024072 0.861225 0.000681
51.565959 0.000000024044 0.861624 0.000677
51.625027 0.000000024017 0.862020 0.000673
51.684094 0.000000023989 0.862414 0.000669
51.743162 0.000000023962 0.862806 0.000665
51.802229 0.000000023934 0.863196 0.000662
51.861297 0.000000023907 0.863583 0.000658
51.920364 0.000000023880 0.863970 0.000655
51.979432 0.000000023853 0.864353 0.000651
52.038500 0.000000023826 0.864734 0.000648
52.097567 0.000000023799 0.865114 0.000644
52.156635 0.000000023772 0.865491 0.000641
52.215702 0.000000023745 0.865867 0.000637
52.274770 0.000000023718 0.866241 0.000634
52.333837 0.000000023691 0.866612 0.000631
52.392905 0.000000023665 0.866982 0.000628
52.451972 0.000000023638 0.867350 0.000625
52.511040 0.000000023611 0.867716 0.000621
52.570107 0.000000023585 0.868080 0.000618
52.629175 0.000000023558 0.868443 0.000615
52.688242 0.000000023532 0.868803 0.000612
52.747310 0.000000023506 0.869162 0.000609
52.806377 0.000000023479 0.869519 0.000606
52.865445 0.000000023453 0.869875 0.000603
52.924513 0.000000023427 0.870228 0.000600
52.983580 0.000000023401 0.870580 0.000597
53.042648 0.000000023375 0.870930 0.000594
53.101715 0.000000023349 0.871279 0.000592
53.160783 0.000000023323 0.871626 0.000589
53.219850 0.000000023297 0.871971 0.000586
53.278918 0.000000023271 0.872315 0.000583
53.337985 0.000000023245 0.872657 0.000580
53.397053 0.000000023220 0.872997 0.000578
53.456120 0.000000023194 0.873336 0.000575
53.515188 0.000000023168 0.873673 0.000572
53.574255 0.000000023143 0.874009 0.000570
53.633323 0.000000023117 0.874343 0.000567
53.692391 0.000000023092 0.874676 0.000564
53.751458 0.000000023067 0.875007 0.000562
53.810526 0.000000023041 0.875336 0.000559
53.869593 0.000000023016 0.875665 0.000557
53.928661 0.000000022991 0.875991 0.000554
53.987728 0.000000022966 0.876316 0.000552
54.046796 0.000000022940 0.876640 0.000549
54.105863 0.000000022915 0.876962 0.000547
54.164931 0.000000022890 0.877283 0.000544
54.223998 0.000000022866 0.877602 0.000542
54.283066 0.000000022841 0.877920 0.000539
54.342133 0.000000022816 0.878237 0.000537
54.401201 0.000000022791 0.878551 0.000535
54.460269 0.000000022766 0.878865 0.000532
54.519336 0.000000022742 0.879178 0.000530
54.578404 0.000000022717 0.879489 0.000528
54.637471 0.000000022692 0.879799 0.000525
54.696539 0.000000022668 0.880107 0.000523
54.755606 0.000000022644 0.880414 0.000521
54.814674 0.000000022619 0.880720 0.000519
54.873741 0.000000022595 0.881024 0.000516
54.932809 0.000000022570 0.881327 0.000514
54.991876 0.000000022546 0.881629 0.000512
55.050944 0.000000022522 0.881929 0.000510
55.110011 0.000000022498 0.882228 0.000508
55.169079 0.000000022474 0.882526 0.000505
55.228146 0.000000022450 0.882823 0.000503
55.287214 0.000000022426 0.883118 0.000501
55.346282 0.000000022402 0.883412 0.000499
55.405349 0.000000022378 0.883705 0.000497
55.464417 0.000000022354 0.883997 0.000495
55.523484 0.000000022330 0.884287 0.000493
55.582552 0.000000022307 0.884576 0.000491
55.641619 0.000000022283 0.884865 0.000489
55.700687 0.000000022259 0.885152 0.000487
55.759754 0.000000022236 0.885437 0.000485
55.818822 0.000000022212 0.885722 0.000483
55.877889 0.000000022189 0.886005 0.000481
55.936957 0.000000022165 0.886287 0.000479
55.996024 0.000000022142 0.886568 0.000477
56.055092 0.000000022119 0.886848 0.000475
56.114160 0.000000022095 0.887127 0.000473
56.173227 0.000000022072 0.887404 0.000471
56.232295 0.000000022049 0.887681 0.000469
56.291362 0.000000022026 0.887956 0.000467
56.350430 0.000000022003 0.888230 0.000465
56.409497 0.000000021980 0.888503 0.000463
56.468565 0.000000021957 0.888776 0.000461
56.527632 0.000000021934 0.889047 0.000460
56.586700 0.000000021911 0.889316 0.000458
56.645767 0.000000021888 0.889585 0.000456
56.704835 0.000000021865 0.889853 0.000454
56.763902 0.000000021842 0.890120 0.000452
56.822970 0.000000021820 0.890385 0.000451
56.882037 0.000000021797 0.890650 0.000449
56.941105 0.000000021774 0.890913 0.000447
57.000173 0.000000021752 0.891176 0.000445
57.059240 0.000000021729 0.891437 0.000443
57.118308 0.000000021707 0.891697 0.000442
57.177375 0.000000021684 0.891957 0.000440
57.236443 0.000000021662 0.892215 0.000438
57.295510 0.000000021640 0.892473 0.000437
57.354578 0.000000021617 0.892729 0.000435
57.413645 0.000000021595 0.892984 0.000433
57.472713 0.000000021573 0.893239 0.000431
57.531780 0.000000021551 0.893492 0.000430
57.590848 0.000000021529 0.893744 0.000428
57.649915 0.000000021507 0.893996 0.000427
57.708983 0.000000021485 0.894246 0.000425
57.768051 0.000000021463 0.894496 0.000423
57.827118 0.000000021441 0.894744 0.000422
57.886186 0.000000021419 0.894992 0.000420
57.945253 0.000000021397 0.895239 0.000418
58.004321 0.000000021375 0.895485 0.000417
58.063388 0.000000021354 0.895730 0.000415
58.122456 0.000000021332 0.895973 0.000414
58.181523 0.000000021310 0.896216 0.000412
58.240591 0.000000021289 0.896458 0.000411
58.299658 0.000000021267 0.896699 0.000409
58.358726 0.000000021245 0.896939 0.000407
58.417793 0.000000021224 0.897179 0.000406
58.476861 0.000000021203 0.897417 0.000404
58.535929 0.000000021181 0.897655 0.000403
58.594996 0.000000021160 0.897891 0.000401
58.654064 0.000000021139 0.898127 0.000400
58.713131 0.000000021117 0.898362 0.000398
58.772199 0.000000021096 0.898596 0.000397
58.831266 0.000000021075 0.898829 0.000395
58.890334 0.000000021054 0.899061 0.000394
58.949401 0.000000021033 0.899293 0.000392
59.008469 0.000000021012 0.899523 0.000391
