0.053969 0.000022973544 231.995943 0.000000
0.107938 0.000011486772 155.380298 108.677437
0.161906 0.000007657895 82.868185 154.943856
0.215875 0.000005743413 32.840296 160.789709
0.269844 0.000004594726 5.883708 137.908940
0.323813 0.000003828936 -8.842797 111.166598
0.377782 0.000003281944 -14.746570 86.680035
0.431750 0.000002871706 -13.077958 64.258900
0.485719 0.000002552626 -8.340851 46.644984
0.539688 0.000002297363 -3.440079 35.303794
0.593657 0.000002088511 0.378432 28.569375
0.647626 0.000001914468 3.009121 24.719494
0.701594 0.000001767203 5.330973 22.054891
0.755563 0.000001640974 7.953623 19.739167
0.809532 0.000001531575 10.534047 18.186921
0.863501 0.000001435851 12.180943 17.942079
0.917470 0.000001351389 12.585280 18.878022
0.971438 0.000001276313 12.239000 20.042936
1.025407 0.000001209139 11.575325 20.839766
1.079376 0.000001148681 10.858203 21.243350
1.133345 0.000001093982 10.240884 21.273541
1.187314 0.000001044256 9.674113 21.172305
1.241282 0.000000998854 9.199002 20.984897
1.295251 0.000000957235 8.568351 20.846473
1.349220 0.000000918945 8.102837 20.707997
1.403189 0.000000883601 7.811788 20.341200
1.457158 0.000000850875 7.248203 20.262077
1.511126 0.000000820487 6.512943 20.307245
1.565095 0.000000792194 5.701807 20.206447
1.619064 0.000000765788 5.206444 19.842674
1.673033 0.000000741085 5.344304 19.102115
1.727002 0.000000717926 5.474295 18.619184
1.780970 0.000000696171 5.166348 18.816667
1.834939 0.000000675695 4.211933 19.394123
1.888908 0.000000656389 2.671014 20.029403
1.942877 0.000000638156 1.146779 20.148680
1.996846 0.000000620909 0.091559 19.479904
2.050814 0.000000604569 -0.320420 18.305688
2.104783 0.000000589067 -0.304594 17.051781
2.158752 0.000000574341 -0.220093 16.122989
2.212721 0.000000560332 -0.247310 15.575387
2.266690 0.000000546991 -0.387727 15.251918
2.320658 0.000000534271 -0.631142 15.010084
2.374627 0.000000522128 -1.001368 14.824779
2.428596 0.000000510525 -1.492438 14.654882
2.482565 0.000000499427 -2.019334 14.398567
2.536534 0.000000488801 -2.761233 14.095997
2.590502 0.000000478617 -3.398243 13.645019
2.644471 0.000000468850 -3.654030 12.762206
2.698440 0.000000459473 -3.695204 11.788362
2.752409 0.000000450463 -3.567469 10.909904
2.806378 0.000000441800 -3.369054 10.145755
2.860346 0.000000433465 -3.341261 9.619957
2.914315 0.000000425438 -3.405219 9.226705
2.968284 0.000000417702 -3.375169 8.724065
3.022253 0.000000410243 -3.247138 8.135594
3.076222 0.000000403046 -3.144565 7.614207
3.130190 0.000000396097 -3.013986 7.143994
3.184159 0.000000389384 -2.796225 6.633719
3.238128 0.000000382894 -2.538889 6.159483
3.292097 0.000000376617 -2.341601 5.779884
3.346066 0.000000370542 -2.274114 5.502304
3.400034 0.000000364661 -2.194584 5.192671
3.454003 0.000000358963 -1.964038 4.725116
3.507972 0.000000353440 -1.603629 4.199875
3.561941 0.000000348085 -1.167075 3.729099
3.615909 0.000000342890 -0.688086 3.347453
3.669878 0.000000337848 -0.205380 3.062329
3.723847 0.000000332951 0.241405 2.883827
3.777816 0.000000328195 0.669311 2.775051
3.831785 0.000000323572 1.111227 2.700038
3.885753 0.000000319078 1.550972 2.669849
3.939722 0.000000314707 1.899669 2.738211
3.993691 0.000000310454 2.182125 2.886479
4.047660 0.000000306315 2.410031 3.031892
4.101629 0.000000302285 2.607890 3.192579
4.155597 0.000000298359 2.810504 3.314699
4.209566 0.000000294534 2.929311 3.474025
4.263535 0.000000290805 3.022505 3.641737
4.317504 0.000000287170 3.208001 3.722332
4.371473 0.000000283625 3.396230 3.792226
4.425441 0.000000280166 3.521806 3.955290
4.479410 0.000000276791 3.562012 4.160445
4.533379 0.000000273496 3.531321 4.364722
4.587348 0.000000270278 3.577989 4.475257
4.641317 0.000000267135 3.787769 4.453110
4.695285 0.000000264065 4.082801 4.453213
4.749254 0.000000261064 4.334793 4.591011
4.803223 0.000000258131 4.468897 4.891014
4.857192 0.000000255263 4.590439 5.241028
4.911161 0.000000252457 4.632165 5.600929
4.965129 0.000000249713 4.466402 6.097807
5.019098 0.000000247028 4.197563 6.589185
5.073067 0.000000244400 3.951435 6.950199
5.127036 0.000000241828 3.531880 7.272546
5.181005 0.000000239309 3.050732 7.595681
5.234973 0.000000236842 2.901850 7.593717
5.288942 0.000000234425 2.886413 7.469097
5.342911 0.000000232057 2.641379 7.625433
5.396880 0.000000229736 2.293212 7.912035
5.450849 0.000000227462 1.996205 8.042094
5.504817 0.000000225232 1.589055 8.164159
5.558786 0.000000223045 1.041816 8.314112
5.612755 0.000000220900 0.553631 8.316912
5.666724 0.000000218796 0.287254 8.060832
5.720693 0.000000216732 0.095566 7.751611
5.774661 0.000000214707 -0.077444 7.514504
5.828630 0.000000212719 -0.116243 7.256792
5.882599 0.000000210767 -0.109998 7.004154
5.936568 0.000000208851 -0.246891 6.920568
5.990537 0.000000206970 -0.454214 6.909984
6.044505 0.000000205122 -0.687889 6.818313
6.098474 0.000000203306 -0.873601 6.661020
6.152443 0.000000201523 -0.919962 6.380995
6.206412 0.000000199771 -0.915264 6.086112
6.260381 0.000000198049 -0.908575 5.872089
6.314349 0.000000196356 -0.868127 5.672296
6.368318 0.000000194692 -0.775209 5.482223
6.422287 0.000000193056 -0.671021 5.329966
6.476256 0.000000191447 -0.603627 5.261984
6.530225 0.000000189865 -0.568855 5.241792
6.584193 0.000000188308 -0.641560 5.277808
6.638162 0.000000186777 -0.714514 5.311213
6.692131 0.000000185271 -0.733581 5.255665
6.746100 0.000000183789 -0.810198 5.230593
6.800069 0.000000182330 -0.955850 5.255181
6.854037 0.000000180895 -1.123162 5.244632
6.908006 0.000000179481 -1.310471 5.175423
6.961975 0.000000178090 -1.438233 5.038653
7.015944 0.000000176720 -1.422592 4.789342
7.069913 0.000000175371 -1.329570 4.533646
7.123881 0.000000174043 -1.225372 4.366277
7.177850 0.000000172734 -1.227381 4.309829
7.231819 0.000000171445 -1.342497 4.341633
7.285788 0.000000170175 -1.429659 4.296481
7.339757 0.000000168924 -1.462636 4.156933
7.393725 0.000000167691 -1.429385 3.984021
7.447694 0.000000166476 -1.383441 3.826859
7.501663 0.000000165278 -1.333576 3.710751
7.555632 0.000000164097 -1.265402 3.606660
7.609601 0.000000162934 -1.208236 3.527872
7.663569 0.000000161786 -1.157957 3.482692
7.717538 0.000000160655 -1.118254 3.449162
7.771507 0.000000159539 -1.124027 3.451913
7.825476 0.000000158439 -1.140598 3.462868
7.879445 0.000000157354 -1.179643 3.463155
7.933413 0.000000156283 -1.277399 3.484671
7.987382 0.000000155227 -1.417558 3.498576
8.041351 0.000000154185 -1.569408 3.460883
8.095320 0.000000153158 -1.678586 3.352424
8.149289 0.000000152143 -1.710102 3.168316
8.203257 0.000000151142 -1.696420 2.970899
8.257226 0.000000150154 -1.640965 2.789722
8.311195 0.000000149179 -1.585873 2.642901
8.365164 0.000000148217 -1.578617 2.552938
8.419133 0.000000147267 -1.590181 2.481435
8.473101 0.000000146329 -1.567338 2.370826
8.527070 0.000000145403 -1.534047 2.245004
8.581039 0.000000144488 -1.514453 2.142676
8.635008 0.000000143585 -1.488713 2.042167
8.688977 0.000000142693 -1.453251 1.929227
8.742945 0.000000141813 -1.421387 1.820055
8.796914 0.000000140943 -1.404259 1.718523
8.850883 0.000000140083 -1.339505 1.589012
8.904852 0.000000139234 -1.216514 1.426314
8.958821 0.000000138395 -1.082659 1.292066
9.012789 0.000000137567 -0.999318 1.222687
9.066758 0.000000136748 -0.932373 1.183834
9.120727 0.000000135939 -0.833911 1.107502
9.174696 0.000000135139 -0.724312 1.028585
9.228665 0.000000134349 -0.626722 0.975540
9.282633 0.000000133568 -0.539020 0.941109
9.336602 0.000000132796 -0.443877 0.905587
9.390571 0.000000132032 -0.354748 0.872863
9.444540 0.000000131278 -0.286518 0.859455
9.498509 0.000000130532 -0.207394 0.840081
9.552477 0.000000129795 -0.101405 0.801498
9.606446 0.000000129065 0.016148 0.771992
9.660415 0.000000128344 0.120948 0.774350
9.714384 0.000000127631 0.170464 0.817572
9.768353 0.000000126926 0.176117 0.882865
9.822321 0.000000126229 0.202965 0.903454
9.876290 0.000000125539 0.281072 0.875758
9.930259 0.000000124857 0.360550 0.853661
9.984228 0.000000124182 0.381611 0.887137
10.038197 0.000000123514 0.410199 0.923160
10.092165 0.000000122854 0.484319 0.906306
10.146134 0.000000122200 0.552501 0.903757
10.200103 0.000000121554 0.569305 0.951941
10.254072 0.000000120914 0.555026 1.010382
10.308040 0.000000120281 0.529529 1.042720
10.362009 0.000000119654 0.550769 1.027489
10.415978 0.000000119034 0.634048 0.967972
10.469947 0.000000118421 0.707187 0.940835
10.523916 0.000000117813 0.760010 0.966650
10.577884 0.000000117212 0.799369 1.002198
10.631853 0.000000116617 0.810422 1.053394
10.685822 0.000000116028 0.819646 1.101121
10.739791 0.000000115445 0.834633 1.134352
10.793760 0.000000114868 0.798578 1.184579
10.847728 0.000000114297 0.704302 1.258938
10.901697 0.000000113731 0.632011 1.273449
10.955666 0.000000113171 0.637138 1.206052
11.009635 0.000000112616 0.697289 1.108554
11.063604 0.000000112066 0.760664 1.051730
11.117572 0.000000111522 0.789809 1.046278
11.171541 0.000000110984 0.804419 1.064529
11.225510 0.000000110450 0.814940 1.066297
11.279479 0.000000109922 0.780628 1.083766
11.333448 0.000000109398 0.782408 1.072714
11.387416 0.000000108880 0.841933 1.003797
11.441385 0.000000108366 0.925353 0.947916
11.495354 0.000000107857 0.972336 0.941493
11.549323 0.000000107353 0.979007 0.982089
11.603292 0.000000106854 0.983157 1.003276
11.657260 0.000000106359 0.988203 1.005591
11.711229 0.000000105869 1.015817 0.990205
11.765198 0.000000105384 1.066675 0.960738
11.819167 0.000000104902 1.101167 0.952596
11.873136 0.000000104426 1.115248 0.968777
11.927104 0.000000103953 1.155110 0.967907
11.981073 0.000000103485 1.199127 0.954424
12.035042 0.000000103021 1.220732 0.971348
12.089011 0.000000102561 1.252883 0.984246
12.142980 0.000000102105 1.285724 0.991051
12.196948 0.000000101653 1.316571 1.007173
12.250917 0.000000101205 1.323539 1.036061
12.304886 0.000000100762 1.298492 1.078020
12.358855 0.000000100322 1.276000 1.098641
12.412824 0.000000099885 1.268308 1.084684
12.466792 0.000000099453 1.299016 1.045702
12.520761 0.000000099024 1.354206 0.994943
12.574730 0.000000098599 1.398434 0.970619
12.628699 0.000000098178 1.443875 0.963255
12.682668 0.000000097760 1.535768 0.935103
12.736636 0.000000097346 1.654253 0.910222
12.790605 0.000000096935 1.731279 0.943604
12.844574 0.000000096528 1.729234 1.042497
12.898543 0.000000096124 1.725154 1.127494
12.952512 0.000000095723 1.746232 1.155677
13.006480 0.000000095326 1.797329 1.170898
13.060449 0.000000094932 1.842511 1.196694
13.114418 0.000000094542 1.830521 1.272924
13.168387 0.000000094154 1.822309 1.345185
13.222356 0.000000093770 1.813117 1.384885
13.276324 0.000000093389 1.798933 1.426510
13.330293 0.000000093011 1.796935 1.454380
13.384262 0.000000092636 1.800193 1.473426
13.438231 0.000000092264 1.792815 1.501954
13.492200 0.000000091895 1.789515 1.530309
13.546168 0.000000091528 1.787735 1.550033
13.600137 0.000000091165 1.796806 1.568753
13.654106 0.000000090805 1.776116 1.596021
13.708075 0.000000090447 1.749852 1.633777
13.762044 0.000000090093 1.754491 1.630126
13.816012 0.000000089741 1.778265 1.617101
13.869981 0.000000089392 1.822827 1.607868
13.923950 0.000000089045 1.854824 1.621434
13.977919 0.000000088701 1.879077 1.659411
14.031888 0.000000088360 1.900065 1.699644
14.085856 0.000000088022 1.894560 1.753640
14.139825 0.000000087686 1.860756 1.818909
14.193794 0.000000087352 1.839015 1.859375
14.247763 0.000000087021 1.855888 1.861707
14.301732 0.000000086693 1.911007 1.853812
14.355700 0.000000086367 1.961896 1.874103
14.409669 0.000000086044 1.971533 1.948231
14.463638 0.000000085722 1.935380 2.050916
14.517607 0.000000085404 1.886366 2.141353
14.571576 0.000000085088 1.863844 2.194965
14.625544 0.000000084774 1.881872 2.224016
14.679513 0.000000084462 1.874044 2.283052
14.733482 0.000000084152 1.731025 2.425090
14.787451 0.000000083845 1.511529 2.581309
14.841420 0.000000083540 1.370359 2.594784
14.895388 0.000000083238 1.354000 2.485700
14.949357 0.000000082937 1.396888 2.367461
15.003326 0.000000082639 1.395726 2.337334
15.057295 0.000000082343 1.337504 2.370599
15.111264 0.000000082049 1.264521 2.392674
15.165232 0.000000081757 1.259559 2.351262
15.219201 0.000000081467 1.314095 2.268624
15.273170 0.000000081179 1.362878 2.232556
15.327139 0.000000080893 1.385644 2.252194
15.381108 0.000000080609 1.400279 2.290818
15.435076 0.000000080327 1.388124 2.340759
15.489045 0.000000080047 1.325390 2.416460
15.543014 0.000000079770 1.246965 2.480541
15.596983 0.000000079494 1.191353 2.499015
15.650952 0.000000079219 1.156539 2.487437
15.704920 0.000000078947 1.098051 2.488185
15.758889 0.000000078677 1.028528 2.494181
15.812858 0.000000078408 1.018848 2.452958
15.866827 0.000000078142 1.083078 2.372775
15.920796 0.000000077877 1.132465 2.337873
15.974764 0.000000077614 1.110012 2.394086
16.028733 0.000000077352 1.061132 2.463250
16.082702 0.000000077093 0.993138 2.508270
16.136671 0.000000076835 0.923615 2.531481
16.190640 0.000000076579 0.877237 2.522473
16.244608 0.000000076324 0.868178 2.483477
16.298577 0.000000076072 0.874629 2.450466
16.352546 0.000000075821 0.885168 2.439579
16.406515 0.000000075571 0.873684 2.455892
16.460484 0.000000075323 0.826581 2.502970
16.514452 0.000000075077 0.758468 2.549097
16.568421 0.000000074833 0.675829 2.581797
16.622390 0.000000074590 0.553227 2.604141
16.676359 0.000000074348 0.427667 2.604662
16.730328 0.000000074108 0.387919 2.519167
16.784296 0.000000073870 0.413717 2.389737
16.838265 0.000000073633 0.434263 2.305060
16.892234 0.000000073398 0.431571 2.274208
16.946203 0.000000073164 0.441648 2.246364
17.000172 0.000000072932 0.442134 2.220126
17.054140 0.000000072701 0.391028 2.227750
17.108109 0.000000072472 0.333034 2.230775
17.162078 0.000000072244 0.306813 2.180531
17.216047 0.000000072018 0.311896 2.105347
17.270015 0.000000071793 0.325529 2.035259
17.323984 0.000000071569 0.348210 1.976791
17.377953 0.000000071347 0.375674 1.922706
17.431922 0.000000071126 0.418945 1.872428
17.485891 0.000000070906 0.501643 1.815410
17.539859 0.000000070688 0.576515 1.782590
17.593828 0.000000070471 0.626703 1.801417
17.647797 0.000000070256 0.623646 1.848422
17.701766 0.000000070042 0.583378 1.907869
17.755735 0.000000069829 0.574688 1.918826
17.809703 0.000000069617 0.598767 1.884171
17.863672 0.000000069407 0.643762 1.860411
17.917641 0.000000069198 0.711083 1.842148
17.971610 0.000000068990 0.734714 1.872172
18.025579 0.000000068783 0.715771 1.942191
18.079547 0.000000068578 0.662936 2.007140
18.133516 0.000000068374 0.617221 2.041603
18.187485 0.000000068171 0.609702 2.027749
18.241454 0.000000067969 0.618088 2.003604
18.295423 0.000000067769 0.648691 1.988465
18.349391 0.000000067570 0.679890 1.986869
18.403360 0.000000067371 0.682767 2.022932
18.457329 0.000000067174 0.658050 2.079517
18.511298 0.000000066979 0.597735 2.139995
18.565267 0.000000066784 0.512635 2.189874
18.619235 0.000000066590 0.444885 2.199801
18.673204 0.000000066398 0.420710 2.158444
18.727173 0.000000066206 0.425654 2.103559
18.781142 0.000000066016 0.460906 2.056521
18.835111 0.000000065827 0.519433 2.022786
18.889079 0.000000065639 0.560430 2.034750
18.943048 0.000000065452 0.545189 2.099954
18.997017 0.000000065266 0.440489 2.206911
19.050986 0.000000065081 0.302830 2.291908
19.104955 0.000000064897 0.214275 2.285526
19.158923 0.000000064714 0.217473 2.202886
19.212892 0.000000064533 0.245799 2.119933
19.266861 0.000000064352 0.205086 2.121776
19.320830 0.000000064172 0.125231 2.154840
19.374799 0.000000063993 0.062318 2.140883
19.428767 0.000000063816 0.048682 2.075984
19.482736 0.000000063639 0.055752 1.999878
19.536705 0.000000063463 0.046667 1.955280
19.590674 0.000000063288 0.040639 1.920287
19.644643 0.000000063114 0.045558 1.870443
19.698611 0.000000062941 0.069255 1.819934
19.752580 0.000000062769 0.116865 1.762658
19.806549 0.000000062598 0.154258 1.729797
19.860518 0.000000062428 0.173425 1.724769
19.914487 0.000000062259 0.191443 1.721240
19.968455 0.000000062091 0.210608 1.711487
20.022424 0.000000061924 0.246678 1.698157
20.076393 0.000000061757 0.289141 1.685065
20.130362 0.000000061591 0.314750 1.696874
20.184331 0.000000061427 0.310853 1.728467
20.238299 0.000000061263 0.311894 1.755115
20.292268 0.000000061100 0.347341 1.749644
20.346237 0.000000060938 0.373630 1.755045
20.400206 0.000000060777 0.373526 1.797969
20.454175 0.000000060616 0.369850 1.840857
20.508143 0.000000060457 0.340220 1.885627
20.562112 0.000000060298 0.283398 1.938099
20.616081 0.000000060140 0.235631 1.964660
20.670050 0.000000059983 0.213413 1.954744
20.724019 0.000000059827 0.201490 1.937728
20.777987 0.000000059672 0.206420 1.925718
20.831956 0.000000059517 0.234343 1.910477
20.885925 0.000000059363 0.220247 1.932312
20.939894 0.000000059210 0.166230 1.989962
20.993863 0.000000059058 0.101887 2.027225
21.047831 0.000000058907 0.063837 2.026146
21.101800 0.000000058756 0.039630 2.002289
21.155769 0.000000058606 0.008274 1.989303
21.209738 0.000000058457 -0.002095 1.969970
21.263707 0.000000058309 0.021716 1.934021
21.317675 0.000000058161 0.046492 1.915021
21.371644 0.000000058014 0.030602 1.944023
21.425613 0.000000057868 -0.021519 1.995532
21.479582 0.000000057723 -0.088824 2.034273
21.533551 0.000000057578 -0.157511 2.044911
21.587519 0.000000057434 -0.211908 2.029833
21.641488 0.000000057291 -0.232120 1.986717
21.695457 0.000000057148 -0.224612 1.934011
21.749426 0.000000057007 -0.219923 1.903091
21.803395 0.000000056865 -0.233677 1.902100
21.857363 0.000000056725 -0.263185 1.913356
21.911332 0.000000056585 -0.307613 1.924243
21.965301 0.000000056446 -0.367707 1.930643
22.019270 0.000000056308 -0.437257 1.923682
22.073239 0.000000056170 -0.473679 1.882726
22.127207 0.000000056033 -0.468489 1.808411
22.181176 0.000000055897 -0.437321 1.739982
22.235145 0.000000055761 -0.404342 1.699843
22.289114 0.000000055626 -0.405323 1.700988
22.343083 0.000000055492 -0.443070 1.731085
22.397051 0.000000055358 -0.493984 1.752361
22.451020 0.000000055225 -0.540272 1.747943
22.504989 0.000000055093 -0.606086 1.735301
22.558958 0.000000054961 -0.665774 1.711620
22.612927 0.000000054830 -0.697709 1.648880
22.666895 0.000000054699 -0.695747 1.569007
22.720864 0.000000054569 -0.671932 1.488059
22.774833 0.000000054440 -0.657555 1.432623
22.828802 0.000000054311 -0.663305 1.402668
22.882771 0.000000054183 -0.657171 1.365022
22.936739 0.000000054056 -0.620127 1.306133
22.990708 0.000000053929 -0.565971 1.249417
23.044677 0.000000053802 -0.524659 1.225675
23.098646 0.000000053677 -0.492284 1.225503
23.152615 0.000000053552 -0.482331 1.239650
23.206583 0.000000053427 -0.499499 1.269661
23.260552 0.000000053303 -0.522530 1.289352
23.314521 0.000000053180 -0.550956 1.295683
23.368490 0.000000053057 -0.580636 1.291416
23.422459 0.000000052935 -0.615357 1.279713
23.476427 0.000000052813 -0.643647 1.255849
23.530396 0.000000052692 -0.644514 1.210991
23.584365 0.000000052571 -0.629089 1.159174
23.638334 0.000000052451 -0.623013 1.126702
23.692303 0.000000052332 -0.635469 1.114502
23.746271 0.000000052213 -0.647412 1.096559
23.800240 0.000000052094 -0.651780 1.065173
23.854209 0.000000051977 -0.650768 1.027624
23.908178 0.000000051859 -0.632759 0.985795
23.962147 0.000000051742 -0.602010 0.941592
24.016115 0.000000051626 -0.576886 0.914684
24.070084 0.000000051510 -0.574285 0.908319
24.124053 0.000000051395 -0.585378 0.909679
24.178022 0.000000051280 -0.584936 0.891697
24.231990 0.000000051166 -0.579718 0.861968
24.285959 0.000000051053 -0.576530 0.835509
24.339928 0.000000050939 -0.563532 0.805053
24.393897 0.000000050827 -0.522470 0.761446
24.447866 0.000000050714 -0.483650 0.727077
24.501834 0.000000050603 -0.465317 0.724815
24.555803 0.000000050491 -0.452170 0.726211
24.609772 0.000000050381 -0.443464 0.724319
24.663741 0.000000050271 -0.438334 0.720365
24.717710 0.000000050161 -0.432925 0.712892
24.771678 0.000000050051 -0.425106 0.699572
24.825647 0.000000049943 -0.408732 0.682207
24.879616 0.000000049834 -0.381700 0.659946
24.933585 0.000000049726 -0.356342 0.645868
24.987554 0.000000049619 -0.332846 0.641445
25.041522 0.000000049512 -0.308330 0.639842
25.095491 0.000000049406 -0.285321 0.643009
25.149460 0.000000049300 -0.263440 0.652016
25.203429 0.000000049194 -0.251036 0.669194
25.257398 0.000000049089 -0.257092 0.698066
25.311366 0.000000048984 -0.278115 0.729354
25.365335 0.000000048880 -0.304809 0.750629
25.419304 0.000000048776 -0.327542 0.758000
25.473273 0.000000048673 -0.337619 0.750133
25.527242 0.000000048570 -0.358805 0.745047
25.581210 0.000000048468 -0.381240 0.743976
25.635179 0.000000048366 -0.390300 0.726519
25.689148 0.000000048264 -0.394104 0.705309
25.743117 0.000000048163 -0.402188 0.691043
25.797086 0.000000048062 -0.421297 0.684158
25.851054 0.000000047962 -0.442510 0.673075
25.905023 0.000000047862 -0.458323 0.650106
25.958992 0.000000047762 -0.460070 0.615579
26.012961 0.000000047663 -0.448705 0.573936
26.066930 0.000000047564 -0.435932 0.540168
26.120898 0.000000047466 -0.420205 0.512249
26.174867 0.000000047368 -0.405822 0.489634
26.228836 0.000000047271 -0.388285 0.469344
26.282805 0.000000047174 -0.371518 0.452103
26.336774 0.000000047077 -0.349325 0.437720
26.390742 0.000000046981 -0.332547 0.427737
26.444711 0.000000046885 -0.335229 0.433080
26.498680 0.000000046789 -0.343480 0.437919
26.552649 0.000000046694 -0.342322 0.425694
26.606618 0.000000046600 -0.336274 0.406394
26.660586 0.000000046505 -0.322887 0.386369
26.714555 0.000000046411 -0.307037 0.367674
26.768524 0.000000046318 -0.297086 0.357167
26.822493 0.000000046225 -0.290549 0.350783
26.876462 0.000000046132 -0.280622 0.340685
26.930430 0.000000046039 -0.270254 0.328604
26.984399 0.000000045947 -0.263534 0.320040
27.038368 0.000000045856 -0.253796 0.310231
27.092337 0.000000045764 -0.237040 0.295182
27.146306 0.000000045673 -0.220717 0.283525
27.200274 0.000000045583 -0.205750 0.277532
27.254243 0.000000045492 -0.194401 0.275073
27.308212 0.000000045402 -0.186302 0.275157
27.362181 0.000000045313 -0.180557 0.275047
27.416150 0.000000045224 -0.174462 0.273800
27.470118 0.000000045135 -0.172850 0.272137
27.524087 0.000000045046 -0.175527 0.272220
27.578056 0.000000044958 -0.173001 0.265750
27.632025 0.000000044870 -0.164817 0.252827
27.685994 0.000000044783 -0.155640 0.242417
27.739962 0.000000044696 -0.149196 0.235479
27.793931 0.000000044609 -0.150933 0.233289
27.847900 0.000000044523 -0.152194 0.228331
27.901869 0.000000044436 -0.142978 0.212901
27.955838 0.000000044351 -0.126636 0.193280
28.009806 0.000000044265 -0.112276 0.180687
28.063775 0.000000044180 -0.098892 0.173730
28.117744 0.000000044095 -0.083236 0.166711
28.171713 0.000000044011 -0.070746 0.162785
28.225682 0.000000043927 -0.064948 0.164199
28.279650 0.000000043843 -0.060131 0.165025
28.333619 0.000000043759 -0.049095 0.159381
28.387588 0.000000043676 -0.038609 0.153450
28.441557 0.000000043593 -0.033614 0.153708
28.495526 0.000000043511 -0.029058 0.153617
28.549494 0.000000043428 -0.024497 0.150714
28.603463 0.000000043346 -0.018854 0.146450
28.657432 0.000000043265 -0.013908 0.141688
28.711401 0.000000043184 -0.008740 0.136860
28.765370 0.000000043102 -0.001888 0.130082
28.819338 0.000000043022 0.008124 0.122091
28.873307 0.000000042941 0.021729 0.113448
28.927276 0.000000042861 0.032296 0.108723
28.981245 0.000000042781 0.039396 0.108849
29.035214 0.000000042702 0.048730 0.106871
29.089182 0.000000042623 0.058122 0.103887
29.143151 0.000000042544 0.064129 0.104074
29.197120 0.000000042465 0.067862 0.105091
29.251089 0.000000042387 0.071482 0.104239
29.305058 0.000000042309 0.078314 0.100024
29.359026 0.000000042231 0.085749 0.094786
29.412995 0.000000042153 0.092858 0.091486
29.466964 0.000000042076 0.103146 0.087024
29.520933 0.000000041999 0.112906 0.083390
29.574902 0.000000041923 0.120212 0.083510
29.628870 0.000000041846 0.125663 0.084499
29.682839 0.000000041770 0.131200 0.084872
29.736808 0.000000041694 0.137951 0.083554
29.790777 0.000000041619 0.143480 0.083158
29.844746 0.000000041544 0.146299 0.084369
29.898714 0.000000041469 0.145487 0.086206
29.952683 0.000000041394 0.146724 0.084771
30.006652 0.000000041319 0.151501 0.078414
30.060621 0.000000041245 0.157968 0.071514
30.114590 0.000000041171 0.165088 0.065741
30.168558 0.000000041098 0.173826 0.060123
30.222527 0.000000041024 0.183658 0.054989
30.276496 0.000000040951 0.193237 0.051474
30.330465 0.000000040878 0.202443 0.049560
30.384434 0.000000040806 0.212657 0.047962
30.438402 0.000000040733 0.223648 0.046908
30.492371 0.000000040661 0.233083 0.048344
30.546340 0.000000040589 0.239536 0.052797
30.600309 0.000000040518 0.241170 0.059098
30.654278 0.000000040447 0.237540 0.065981
30.708246 0.000000040375 0.236515 0.067886
30.762215 0.000000040305 0.240674 0.062638
30.816184 0.000000040234 0.246334 0.057109
30.870153 0.000000040164 0.253254 0.053113
30.924121 0.000000040094 0.260794 0.049881
30.978090 0.000000040024 0.266821 0.048702
31.032059 0.000000039954 0.271552 0.048905
31.086028 0.000000039885 0.276786 0.048292
31.139997 0.000000039816 0.282978 0.046642
31.193965 0.000000039747 0.289179 0.045360
31.247934 0.000000039678 0.294457 0.044987
31.301903 0.000000039610 0.299275 0.045001
31.355872 0.000000039542 0.305612 0.043863
31.409841 0.000000039474 0.312490 0.042254
31.463809 0.000000039406 0.318609 0.042169
31.517778 0.000000039338 0.324814 0.042423
31.571747 0.000000039271 0.331020 0.042756
31.625716 0.000000039204 0.337549 0.043311
31.679685 0.000000039137 0.343223 0.044559
31.733653 0.000000039071 0.347119 0.047024
31.787622 0.000000039004 0.351086 0.049129
31.841591 0.000000038938 0.355989 0.049684
31.895560 0.000000038872 0.360584 0.050388
31.949529 0.000000038807 0.365084 0.051562
32.003497 0.000000038741 0.370394 0.052301
32.057466 0.000000038676 0.375240 0.053334
32.111435 0.000000038611 0.378628 0.055649
32.165404 0.000000038546 0.381826 0.057824
32.219373 0.000000038482 0.385359 0.058767
32.273341 0.000000038417 0.388181 0.059805
32.327310 0.000000038353 0.393123 0.059684
32.381279 0.000000038289 0.399408 0.058313
32.435248 0.000000038226 0.405182 0.058592
32.489217 0.000000038162 0.412478 0.059184
32.543185 0.000000038099 0.422388 0.059108
32.597154 0.000000038036 0.432773 0.060951
32.651123 0.000000037973 0.442141 0.066524
32.705092 0.000000037910 0.449409 0.075320
32.759061 0.000000037848 0.450550 0.088209
32.813029 0.000000037786 0.444805 0.103999
32.866998 0.000000037724 0.435325 0.117727
32.920967 0.000000037662 0.425638 0.125914
32.974936 0.000000037600 0.418587 0.128833
33.028905 0.000000037539 0.415043 0.127162
33.082873 0.000000037477 0.413174 0.124972
33.136842 0.000000037416 0.414557 0.122375
33.190811 0.000000037355 0.419101 0.119892
33.244780 0.000000037295 0.421184 0.121383
33.298749 0.000000037234 0.415338 0.129578
33.352717 0.000000037174 0.404260 0.138922
33.406686 0.000000037114 0.391541 0.143600
33.460655 0.000000037054 0.380226 0.142637
33.514624 0.000000036995 0.375672 0.134845
33.568593 0.000000036935 0.373063 0.124559
33.622561 0.000000036876 0.370260 0.116894
33.676530 0.000000036817 0.372051 0.107280
33.730499 0.000000036758 0.377581 0.096013
33.784468 0.000000036699 0.384505 0.087526
33.838437 0.000000036641 0.390856 0.082385
33.892405 0.000000036582 0.395112 0.080639
33.946374 0.000000036524 0.396229 0.081139
34.000343 0.000000036466 0.394219 0.082354
34.054312 0.000000036408 0.393392 0.081107
34.108281 0.000000036351 0.396494 0.075737
34.162249 0.000000036293 0.400563 0.070192
34.216218 0.000000036236 0.402428 0.067759
34.270187 0.000000036179 0.403043 0.066502
34.324156 0.000000036122 0.404220 0.063802
34.378125 0.000000036065 0.406289 0.059730
34.432093 0.000000036009 0.409482 0.055159
34.486062 0.000000035952 0.413977 0.050218
34.540031 0.000000035896 0.419045 0.045804
34.594000 0.000000035840 0.424362 0.042345
34.647969 0.000000035784 0.430397 0.039414
34.701937 0.000000035729 0.436663 0.037235
34.755906 0.000000035673 0.442022 0.036614
34.809875 0.000000035618 0.445987 0.037433
34.863844 0.000000035563 0.448700 0.038808
34.917813 0.000000035508 0.450640 0.039919
34.971781 0.000000035453 0.452845 0.040189
35.025750 0.000000035399 0.455533 0.039552
35.079719 0.000000035344 0.458219 0.038962
35.133688 0.000000035290 0.460687 0.038560
35.187657 0.000000035236 0.462630 0.038378
35.241625 0.000000035182 0.465581 0.037602
35.295594 0.000000035128 0.469214 0.036209
35.349563 0.000000035074 0.472313 0.035782
35.403532 0.000000035021 0.475327 0.036050
35.457501 0.000000034967 0.478689 0.036148
35.511469 0.000000034914 0.480718 0.037138
35.565438 0.000000034861 0.481115 0.039323
35.619407 0.000000034809 0.480800 0.040818
35.673376 0.000000034756 0.480125 0.041396
35.727345 0.000000034703 0.480192 0.040544
35.781313 0.000000034651 0.480999 0.038587
35.835282 0.000000034599 0.482827 0.036107
35.889251 0.000000034547 0.485643 0.033357
35.943220 0.000000034495 0.488932 0.031051
35.997189 0.000000034443 0.491886 0.029618
36.051157 0.000000034392 0.494317 0.029088
36.105126 0.000000034340 0.496676 0.028570
36.159095 0.000000034289 0.498374 0.028243
36.213064 0.000000034238 0.499686 0.028032
36.267033 0.000000034187 0.501973 0.026905
36.321001 0.000000034136 0.504956 0.025270
36.374970 0.000000034086 0.507446 0.024406
36.428939 0.000000034035 0.508822 0.024535
36.482908 0.000000033985 0.509607 0.024618
36.536877 0.000000033934 0.510863 0.023714
36.590845 0.000000033884 0.513179 0.021785
36.644814 0.000000033835 0.516435 0.019468
36.698783 0.000000033785 0.519491 0.017862
36.752752 0.000000033735 0.522170 0.017105
36.806721 0.000000033686 0.524910 0.016352
36.860689 0.000000033636 0.527641 0.015581
36.914658 0.000000033587 0.530571 0.014849
36.968627 0.000000033538 0.533849 0.014040
37.022596 0.000000033489 0.537088 0.013563
37.076565 0.000000033441 0.539986 0.013615
37.130533 0.000000033392 0.542644 0.013998
37.184502 0.000000033343 0.545254 0.014398
37.238471 0.000000033295 0.547707 0.014938
37.292440 0.000000033247 0.549588 0.015810
37.346409 0.000000033199 0.550635 0.017040
37.400377 0.000000033151 0.551111 0.018097
37.454346 0.000000033103 0.551768 0.018443
37.508315 0.000000033056 0.553167 0.017793
37.562284 0.000000033008 0.554475 0.017054
37.616253 0.000000032961 0.555754 0.016530
37.670221 0.000000032914 0.557582 0.015565
37.724190 0.000000032866 0.559543 0.014462
37.778159 0.000000032819 0.561678 0.013578
37.832128 0.000000032773 0.564332 0.012558
37.886096 0.000000032726 0.567116 0.011730
37.940065 0.000000032679 0.569399 0.011582
37.994034 0.000000032633 0.571251 0.011858
38.048003 0.000000032587 0.573031 0.011963
38.101972 0.000000032541 0.574993 0.011794
38.155940 0.000000032495 0.577173 0.011461
38.209909 0.000000032449 0.579142 0.011301
38.263878 0.000000032403 0.580835 0.011430
38.317847 0.000000032357 0.582896 0.011269
38.371816 0.000000032312 0.585245 0.010880
38.425784 0.000000032266 0.587336 0.010880
38.479753 0.000000032221 0.588942 0.011308
38.533722 0.000000032176 0.590379 0.011721
38.587691 0.000000032131 0.591708 0.011840
38.641660 0.000000032086 0.593117 0.011734
38.695628 0.000000032041 0.595101 0.011173
38.749597 0.000000031997 0.597709 0.010319
38.803566 0.000000031952 0.600384 0.009832
38.857535 0.000000031908 0.602902 0.009944
38.911504 0.000000031864 0.605238 0.010384
38.965472 0.000000031819 0.607133 0.011152
39.019441 0.000000031775 0.609023 0.012005
39.073410 0.000000031732 0.611125 0.012621
39.127379 0.000000031688 0.612912 0.013552
39.181348 0.000000031644 0.613756 0.015086
39.235316 0.000000031601 0.613819 0.016847
39.289285 0.000000031557 0.613745 0.017961
39.343254 0.000000031514 0.613663 0.018355
39.397223 0.000000031471 0.613919 0.018153
39.451192 0.000000031428 0.615125 0.017163
39.505160 0.000000031385 0.616828 0.015927
39.559129 0.000000031342 0.618686 0.015151
39.613098 0.000000031299 0.620697 0.014601
39.667067 0.000000031257 0.622448 0.014442
39.721036 0.000000031214 0.624333 0.014482
39.775004 0.000000031172 0.626431 0.014353
39.828973 0.000000031130 0.628001 0.014724
39.882942 0.000000031087 0.629837 0.015181
39.936911 0.000000031045 0.631964 0.015334
39.990880 0.000000031004 0.634286 0.015827
40.044848 0.000000030962 0.635846 0.016954
40.098817 0.000000030920 0.636140 0.019017
40.152786 0.000000030879 0.636378 0.020744
40.206755 0.000000030837 0.637176 0.021466
40.260724 0.000000030796 0.637196 0.022417
40.314692 0.000000030755 0.636278 0.023834
40.368661 0.000000030713 0.635649 0.024483
40.422630 0.000000030672 0.635986 0.023768
40.476599 0.000000030632 0.636630 0.022887
40.530568 0.000000030591 0.637934 0.022018
40.584536 0.000000030550 0.639755 0.021180
40.638505 0.000000030509 0.641586 0.020974
40.692474 0.000000030469 0.642496 0.021724
40.746443 0.000000030429 0.642053 0.023349
40.800412 0.000000030388 0.640869 0.024697
40.854380 0.000000030348 0.639800 0.025032
40.908349 0.000000030308 0.640264 0.023830
40.962318 0.000000030268 0.641941 0.021886
41.016287 0.000000030228 0.643175 0.020914
41.070256 0.000000030189 0.643912 0.021031
41.124224 0.000000030149 0.644622 0.021006
41.178193 0.000000030110 0.644776 0.021207
41.232162 0.000000030070 0.644742 0.021327
41.286131 0.000000030031 0.644629 0.021174
41.340100 0.000000029992 0.644884 0.020496
41.394068 0.000000029953 0.645034 0.019709
41.448037 0.000000029914 0.644965 0.018990
41.502006 0.000000029875 0.645384 0.017844
41.555975 0.000000029836 0.646356 0.016153
41.609944 0.000000029797 0.647829 0.014454
41.663912 0.000000029759 0.649468 0.013004
41.717881 0.000000029720 0.651124 0.011967
41.771850 0.000000029682 0.652766 0.011222
41.825819 0.000000029643 0.653876 0.010867
41.879788 0.000000029605 0.654476 0.010843
41.933756 0.000000029567 0.655544 0.010316
41.987725 0.000000029529 0.657036 0.009252
42.041694 0.000000029491 0.657992 0.008683
42.095663 0.000000029453 0.658819 0.008343
42.149632 0.000000029416 0.660060 0.007460
42.203600 0.000000029378 0.661706 0.006337
42.257569 0.000000029341 0.663543 0.005342
42.311538 0.000000029303 0.665372 0.004667
42.365507 0.000000029266 0.667018 0.004321
42.419476 0.000000029229 0.668366 0.004223
42.473444 0.000000029191 0.669635 0.004154
42.527413 0.000000029154 0.671080 0.003858
42.581382 0.000000029117 0.672586 0.003532
42.635351 0.000000029081 0.674013 0.003358
42.689320 0.000000029044 0.675294 0.003332
42.743288 0.000000029007 0.676432 0.003356
42.797257 0.000000028971 0.677549 0.003331
42.851226 0.000000028934 0.678714 0.003177
42.905195 0.000000028898 0.679920 0.002983
42.959164 0.000000028861 0.681163 0.002780
43.013132 0.000000028825 0.682420 0.002602
43.067101 0.000000028789 0.683666 0.002468
43.121070 0.000000028753 0.684882 0.002381
43.175039 0.000000028717 0.686067 0.002324
43.229008 0.000000028681 0.687229 0.002280
43.282976 0.000000028645 0.688375 0.002242
43.336945 0.000000028610 0.689495 0.002214
43.390914 0.000000028574 0.690581 0.002200
43.444883 0.000000028539 0.691657 0.002180
43.498852 0.000000028503 0.692726 0.002144
43.552820 0.000000028468 0.693779 0.002111
43.606789 0.000000028433 0.694830 0.002073
43.660758 0.000000028398 0.695881 0.002027
43.714727 0.000000028363 0.696926 0.001986
43.768696 0.000000028328 0.697959 0.001953
43.822664 0.000000028293 0.698985 0.001925
43.876633 0.000000028258 0.700001 0.001900
43.930602 0.000000028223 0.701007 0.001877
43.984571 0.000000028189 0.702003 0.001857
44.038540 0.000000028154 0.702990 0.001839
44.092508 0.000000028119 0.703969 0.001822
44.146477 0.000000028085 0.704939 0.001806
44.200446 0.000000028051 0.705901 0.001791
44.254415 0.000000028017 0.706855 0.001777
44.308384 0.000000027982 0.707802 0.001763
44.362352 0.000000027948 0.708741 0.001749
44.416321 0.000000027914 0.709674 0.001736
44.470290 0.000000027881 0.710599 0.001723
44.524259 0.000000027847 0.711518 0.001710
44.578227 0.000000027813 0.712431 0.001698
44.632196 0.000000027779 0.713337 0.001686
44.686165 0.000000027746 0.714236 0.001675
44.740134 0.000000027712 0.715130 0.001663
44.794103 0.000000027679 0.716018 0.001652
44.848071 0.000000027646 0.716901 0.001640
44.902040 0.000000027613 0.717777 0.001630
44.956009 0.000000027579 0.718649 0.001619
45.009978 0.000000027546 0.719513 0.001609
45.063947 0.000000027513 0.720373 0.001599
45.117915 0.000000027480 0.721227 0.001589
45.171884 0.000000027448 0.722077 0.001579
45.225853 0.000000027415 0.722921 0.001569
45.279822 0.000000027382 0.723761 0.001560
45.333791 0.000000027350 0.724595 0.001550
45.387759 0.000000027317 0.725424 0.001541
45.441728 0.000000027285 0.726248 0.001532
45.495697 0.000000027252 0.727067 0.001523
45.549666 0.000000027220 0.727881 0.001514
45.603635 0.000000027188 0.728692 0.001505
45.657603 0.000000027156 0.729498 0.001497
45.711572 0.000000027124 0.730299 0.001488
45.765541 0.000000027092 0.731095 0.001480
45.819510 0.000000027060 0.731888 0.001472
45.873479 0.000000027028 0.732675 0.001464
45.927447 0.000000026996 0.733458 0.001456
45.981416 0.000000026964 0.734237 0.001448
46.035385 0.000000026933 0.735012 0.001440
46.089354 0.000000026901 0.735783 0.001432
46.143323 0.000000026870 0.736550 0.001424
46.197291 0.000000026838 0.737313 0.001417
46.251260 0.000000026807 0.738069 0.001409
46.305229 0.000000026776 0.738825 0.001402
46.359198 0.000000026745 0.739576 0.001394
46.413167 0.000000026714 0.740322 0.001387
46.467135 0.000000026682 0.741064 0.001380
46.521104 0.000000026652 0.741804 0.001373
46.575073 0.000000026621 0.742539 0.001366
46.629042 0.000000026590 0.743271 0.001359
46.683011 0.000000026559 0.743998 0.001352
46.736979 0.000000026528 0.744722 0.001345
46.790948 0.000000026498 0.745442 0.001338
46.844917 0.000000026467 0.746160 0.001332
46.898886 0.000000026437 0.746873 0.001325
46.952855 0.000000026406 0.747583 0.001318
47.006823 0.000000026376 0.748289 0.001312
47.060792 0.000000026346 0.748992 0.001305
47.114761 0.000000026316 0.749692 0.001299
47.168730 0.000000026286 0.750387 0.001293
47.222699 0.000000026256 0.751079 0.001286
47.276667 0.000000026226 0.751769 0.001280
47.330636 0.000000026196 0.752454 0.001274
47.384605 0.000000026166 0.753137 0.001268
47.438574 0.000000026136 0.753817 0.001262
47.492543 0.000000026106 0.754492 0.001256
47.546511 0.000000026077 0.755166 0.001250
47.600480 0.000000026047 0.755835 0.001244
47.654449 0.000000026018 0.756502 0.001238
47.708418 0.000000025988 0.757165 0.001232
47.762387 0.000000025959 0.757826 0.001226
47.816355 0.000000025930 0.758482 0.001221
47.870324 0.000000025900 0.759137 0.001215
47.924293 0.000000025871 0.759789 0.001209
47.978262 0.000000025842 0.760436 0.001204
48.032231 0.000000025813 0.761081 0.001198
48.086199 0.000000025784 0.761724 0.001193
48.140168 0.000000025755 0.762363 0.001187
48.194137 0.000000025726 0.762999 0.001182
48.248106 0.000000025698 0.763633 0.001176
48.302075 0.000000025669 0.764263 0.001171
48.356043 0.000000025640 0.764891 0.001166
48.410012 0.000000025612 0.765516 0.001161
48.463981 0.000000025583 0.766137 0.001155
48.517950 0.000000025555 0.766757 0.001150
48.571919 0.000000025526 0.767374 0.001145
48.625887 0.000000025498 0.767988 0.001140
48.679856 0.000000025470 0.768598 0.001135
48.733825 0.000000025441 0.769207 0.001130
48.787794 0.000000025413 0.769813 0.001125
48.841763 0.000000025385 0.770416 0.001120
48.895731 0.000000025357 0.771017 0.001115
48.949700 0.000000025329 0.771614 0.001110
49.003669 0.000000025301 0.772209 0.001105
49.057638 0.000000025274 0.772802 0.001100
49.111607 0.000000025246 0.773392 0.001096
49.165575 0.000000025218 0.773979 0.001091
49.219544 0.000000025190 0.774564 0.001086
49.273513 0.000000025163 0.775147 0.001082
49.327482 0.000000025135 0.775726 0.001077
49.381451 0.000000025108 0.776304 0.001072
49.435419 0.000000025080 0.776879 0.001068
49.489388 0.000000025053 0.777451 0.001063
49.543357 0.000000025026 0.778022 0.001059
49.597326 0.000000024999 0.778589 0.001054
49.651295 0.000000024971 0.779155 0.001050
49.705263 0.000000024944 0.779717 0.001045
49.759232 0.000000024917 0.780278 0.001041
49.813201 0.000000024890 0.780836 0.001036
49.867170 0.000000024863 0.781391 0.001032
49.921139 0.000000024836 0.781945 0.001028
49.975107 0.000000024810 0.782496 0.001023
50.029076 0.000000024783 0.783045 0.001019
50.083045 0.000000024756 0.783591 0.001015
50.137014 0.000000024729 0.784136 0.001011
50.190983 0.000000024703 0.784678 0.001007
50.244951 0.000000024676 0.785218 0.001002
50.298920 0.000000024650 0.785755 0.000998
50.352889 0.000000024623 0.786290 0.000994
50.406858 0.000000024597 0.786823 0.000990
50.460827 0.000000024571 0.787355 0.000986
50.514795 0.000000024544 0.787884 0.000982
50.568764 0.000000024518 0.788410 0.000978
50.622733 0.000000024492 0.788935 0.000974
50.676702 0.000000024466 0.789458 0.000970
50.730671 0.000000024440 0.789978 0.000966
50.784639 0.000000024414 0.790496 0.000962
50.838608 0.000000024388 0.791012 0.000958
50.892577 0.000000024362 0.791526 0.000955
50.946546 0.000000024336 0.792038 0.000951
51.000515 0.000000024311 0.792549 0.000947
51.054483 0.000000024285 0.793056 0.000943
51.108452 0.000000024259 0.793562 0.000939
51.162421 0.000000024234 0.794067 0.000936
51.216390 0.000000024208 0.794568 0.000932
51.270359 0.000000024183 0.795068 0.000928
51.324327 0.000000024157 0.795566 0.000925
51.378296 0.000000024132 0.796062 0.000921
51.432265 0.000000024107 0.796556 0.000917
51.486234 0.000000024081 0.797048 0.000914
51.540202 0.000000024056 0.797538 0.000910
51.594171 0.000000024031 0.798027 0.000906
51.648140 0.000000024006 0.798513 0.000903
51.702109 0.000000023981 0.798997 0.000899
51.756078 0.000000023956 0.799480 0.000896
51.810046 0.000000023931 0.799960 0.000892
51.864015 0.000000023906 0.800440 0.000889
51.917984 0.000000023881 0.800916 0.000886
51.971953 0.000000023856 0.801391 0.000882
52.025922 0.000000023832 0.801865 0.000879
52.079890 0.000000023807 0.802336 0.000875
52.133859 0.000000023782 0.802806 0.000872
52.187828 0.000000023758 0.803274 0.000869
52.241797 0.000000023733 0.803740 0.000865
52.295766 0.000000023709 0.804205 0.000862
52.349734 0.000000023684 0.804666 0.000859
52.403703 0.000000023660 0.805127 0.000855
52.457672 0.000000023635 0.805586 0.000852
52.511641 0.000000023611 0.806043 0.000849
52.565610 0.000000023587 0.806500 0.000846
52.619578 0.000000023563 0.806953 0.000843
52.673547 0.000000023539 0.807405 0.000839
52.727516 0.000000023514 0.807856 0.000836
52.781485 0.000000023490 0.808304 0.000833
52.835454 0.000000023466 0.808752 0.000830
52.889422 0.000000023442 0.809197 0.000827
52.943391 0.000000023419 0.809640 0.000824
52.997360 0.000000023395 0.810082 0.000821
53.051329 0.000000023371 0.810523 0.000818
53.105298 0.000000023347 0.810961 0.000815
53.159266 0.000000023323 0.811398 0.000812
53.213235 0.000000023300 0.811834 0.000809
53.267204 0.000000023276 0.812269 0.000806
53.321173 0.000000023253 0.812701 0.000803
53.375142 0.000000023229 0.813132 0.000800
53.429110 0.000000023206 0.813561 0.000797
53.483079 0.000000023182 0.813989 0.000794
53.537048 0.000000023159 0.814414 0.000791
53.591017 0.000000023136 0.814839 0.000788
53.644986 0.000000023112 0.815262 0.000785
53.698954 0.000000023089 0.815683 0.000782
53.752923 0.000000023066 0.816103 0.000779
53.806892 0.000000023043 0.816521 0.000776
53.860861 0.000000023020 0.816938 0.000774
53.914830 0.000000022997 0.817353 0.000771
