0.049249 0.000025175317 3.198152 0.004887
0.098497 0.000012587786 3.201707 0.009842
0.147746 0.000008391829 3.207680 0.014934
0.196995 0.000006293861 3.216159 0.020238
0.246243 0.000005035104 3.227260 0.025838
0.295492 0.000004195915 3.241141 0.031829
0.344741 0.000003596495 3.257999 0.038322
0.393989 0.000003146939 3.278108 0.045451
0.443238 0.000002797276 3.301795 0.053380
0.492487 0.000002517547 3.329465 0.062315
0.541735 0.000002288682 3.361630 0.072516
0.590984 0.000002097957 3.398932 0.084323
0.640233 0.000001936575 3.442161 0.098183
0.689481 0.000001798250 3.492355 0.114703
0.738730 0.000001678366 3.550819 0.134716
0.787979 0.000001573467 3.619216 0.159399
0.837227 0.000001480912 3.699783 0.190458
0.886476 0.000001398638 3.795443 0.230433
0.935725 0.000001325025 3.910136 0.283260
0.984973 0.000001258775 4.049135 0.355249
1.034222 0.000001198833 4.219524 0.457011
1.083471 0.000001144340 4.430260 0.607284
1.132719 0.000001094587 4.690316 0.840957
1.181968 0.000001048979 4.998376 1.225360
1.231217 0.000001007019 5.299215 1.883969
1.280465 0.000000968288 5.353387 2.965484
1.329714 0.000000932425 4.624432 4.318750
1.378963 0.000000899124 2.879340 5.034277
1.428211 0.000000868120 1.122619 4.374958
1.477460 0.000000839183 0.384963 3.053645
1.526709 0.000000812112 0.455341 2.000180
1.575957 0.000000786734 0.792045 1.384486
1.625206 0.000000762894 1.149846 1.068016
1.674455 0.000000740455 1.463974 0.945474
1.723703 0.000000719300 1.694986 0.967865
1.772952 0.000000699319 1.785975 1.065837
1.822201 0.000000680418 1.749855 1.113823
1.871449 0.000000662513 1.706324 1.064950
1.920698 0.000000645525 1.728126 0.988461
1.969947 0.000000629387 1.804034 0.962121
2.019195 0.000000614036 1.860861 1.023931
2.068444 0.000000599416 1.827895 1.123864
2.117693 0.000000585476 1.708976 1.188970
2.166941 0.000000572170 1.540732 1.174226
2.216190 0.000000559455 1.386946 1.055983
2.265439 0.000000547293 1.323933 0.874462
2.314687 0.000000535649 1.356823 0.724716
2.363936 0.000000524489 1.406872 0.647849
2.413185 0.000000513785 1.422110 0.595098
2.462433 0.000000503510 1.428414 0.523142
2.511682 0.000000493637 1.454837 0.446028
2.560931 0.000000484144 1.495465 0.380791
2.610179 0.000000475009 1.543194 0.330283
2.659428 0.000000466213 1.588632 0.296536
2.708677 0.000000457736 1.622831 0.268648
2.757925 0.000000449562 1.655242 0.234731
2.807174 0.000000441675 1.697725 0.202693
2.856423 0.000000434060 1.744231 0.183834
2.905671 0.000000426703 1.784011 0.175426
2.954920 0.000000419591 1.815917 0.168213
3.004169 0.000000412713 1.847058 0.158470
3.053417 0.000000406056 1.882630 0.151608
3.102666 0.000000399611 1.918920 0.154734
3.151915 0.000000393367 1.946840 0.167562
3.201163 0.000000387315 1.961560 0.181547
3.250412 0.000000381447 1.967748 0.187552
3.299660 0.000000375754 1.975891 0.186233
3.348909 0.000000370228 1.985970 0.187395
3.398158 0.000000364862 1.987769 0.188838
3.447406 0.000000359650 1.984793 0.177597
3.496655 0.000000354584 1.992588 0.154923
3.545904 0.000000349660 2.014951 0.135524
3.595152 0.000000344870 2.041745 0.128050
3.644401 0.000000340209 2.061784 0.128220
3.693650 0.000000335673 2.074642 0.124438
3.742898 0.000000331256 2.091153 0.113268
3.792147 0.000000326954 2.116863 0.103486
3.841396 0.000000322763 2.147120 0.102158
3.890644 0.000000318677 2.174955 0.110422
3.939893 0.000000314694 2.193867 0.123955
3.989142 0.000000310808 2.203975 0.133905
4.038390 0.000000307018 2.212317 0.136985
4.087639 0.000000303319 2.223215 0.135592
4.136888 0.000000299708 2.238979 0.132915
4.186136 0.000000296182 2.258784 0.134091
4.235385 0.000000292738 2.276655 0.141469
4.284634 0.000000289373 2.286294 0.149732
4.333882 0.000000286085 2.290769 0.148457
4.383131 0.000000282871 2.302837 0.136877
4.432380 0.000000279728 2.327409 0.126429
4.481628 0.000000276654 2.357506 0.123970
4.530877 0.000000273647 2.387800 0.126869
4.580126 0.000000270704 2.419899 0.132848
4.629374 0.000000267824 2.455273 0.145773
4.678623 0.000000265005 2.488056 0.170117
4.727872 0.000000262245 2.509637 0.201665
4.777120 0.000000259541 2.519131 0.230908
4.826369 0.000000256893 2.522262 0.251892
4.875618 0.000000254298 2.526886 0.264612
4.924866 0.000000251755 2.537119 0.275608
4.974115 0.000000249262 2.548934 0.290690
5.023364 0.000000246819 2.555699 0.308531
5.072612 0.000000244422 2.554906 0.321653
5.121861 0.000000242072 2.553702 0.322183
5.171110 0.000000239767 2.565057 0.314397
5.220358 0.000000237505 2.589159 0.313535
5.269607 0.000000235285 2.611872 0.323750
5.318856 0.000000233106 2.625977 0.333463
5.368104 0.000000230968 2.640793 0.332374
5.417353 0.000000228868 2.669250 0.327302
5.466602 0.000000226806 2.707660 0.331274
5.515850 0.000000224781 2.746443 0.342235
5.565099 0.000000222792 2.789471 0.355248
5.614348 0.000000220838 2.839662 0.376923
5.663596 0.000000218917 2.891533 0.411273
5.712845 0.000000217030 2.941227 0.458681
5.762094 0.000000215175 2.983333 0.521113
5.811342 0.000000213352 3.004895 0.595262
5.860591 0.000000211559 2.999786 0.657948
5.909840 0.000000209796 2.992555 0.691732
5.959088 0.000000208062 3.008556 0.708542
6.008337 0.000000206356 3.059537 0.734445
6.057586 0.000000204679 3.129440 0.804436
6.106834 0.000000203028 3.174361 0.921645
6.156083 0.000000201404 3.174720 1.053355
6.205332 0.000000199805 3.142913 1.181860
6.254580 0.000000198232 3.072588 1.312184
6.303829 0.000000196684 2.940804 1.407549
6.353078 0.000000195159 2.797383 1.413788
6.402326 0.000000193658 2.714197 1.367380
6.451575 0.000000192179 2.679888 1.327790
6.500824 0.000000190723 2.669203 1.297688
6.550072 0.000000189289 2.685642 1.284418
6.599321 0.000000187877 2.707013 1.308814
6.648570 0.000000186485 2.696842 1.348754
6.697818 0.000000185114 2.674824 1.357366
6.747067 0.000000183763 2.696887 1.354495
6.796316 0.000000182431 2.747666 1.404403
6.845564 0.000000181119 2.762221 1.507334
6.894813 0.000000179825 2.721309 1.613228
6.944062 0.000000178550 2.645875 1.696933
6.993310 0.000000177292 2.546889 1.751471
7.042559 0.000000176052 2.439359 1.762663
7.091808 0.000000174830 2.356239 1.730541
7.141056 0.000000173624 2.319371 1.689238
7.190305 0.000000172435 2.308333 1.669933
7.239554 0.000000171262 2.300191 1.669475
7.288802 0.000000170105 2.284644 1.680716
7.338051 0.000000168963 2.256043 1.681493
7.387300 0.000000167837 2.249302 1.655740
7.436548 0.000000166725 2.296214 1.643017
7.485797 0.000000165628 2.375087 1.694896
7.535046 0.000000164546 2.429210 1.830213
7.584294 0.000000163477 2.399279 2.021132
7.633543 0.000000162423 2.256505 2.196681
7.682792 0.000000161381 2.048726 2.276918
7.732040 0.000000160353 1.872028 2.276981
7.781289 0.000000159339 1.722203 2.277459
7.830538 0.000000158336 1.536989 2.257914
7.879786 0.000000157347 1.357018 2.157732
7.929035 0.000000156369 1.250316 2.017260
7.978284 0.000000155404 1.197309 1.904817
8.027532 0.000000154451 1.139500 1.822463
8.076781 0.000000153509 1.064642 1.723749
8.126030 0.000000152579 1.009721 1.593058
8.175278 0.000000151660 0.992366 1.457834
8.224527 0.000000150751 0.996130 1.332025
8.273776 0.000000149854 1.019769 1.206505
8.323024 0.000000148967 1.073396 1.093658
8.372273 0.000000148091 1.140899 1.008123
8.421522 0.000000147225 1.208463 0.939997
8.470770 0.000000146369 1.278903 0.882717
8.520019 0.000000145523 1.352045 0.836331
8.569268 0.000000144687 1.429157 0.798144
8.618516 0.000000143860 1.515626 0.772080
8.667765 0.000000143043 1.606375 0.769889
8.717014 0.000000142234 1.683553 0.790718
8.766262 0.000000141435 1.741069 0.816315
8.815511 0.000000140645 1.792207 0.837643
8.864760 0.000000139864 1.842884 0.862174
8.914008 0.000000139091 1.889316 0.890146
8.963257 0.000000138327 1.937175 0.919505
9.012506 0.000000137571 1.987867 0.962827
9.061754 0.000000136823 2.022623 1.022774
9.111003 0.000000136084 2.035076 1.079543
9.160252 0.000000135352 2.039193 1.123740
9.209500 0.000000134628 2.042389 1.161211
9.258749 0.000000133912 2.041540 1.192119
9.307998 0.000000133204 2.043816 1.207184
9.357246 0.000000132503 2.068728 1.213874
9.406495 0.000000131809 2.118462 1.236864
9.455744 0.000000131122 2.174043 1.292767
9.504992 0.000000130443 2.209247 1.376987
9.554241 0.000000129771 2.213509 1.463898
9.603489 0.000000129105 2.203947 1.533304
9.652738 0.000000128446 2.204913 1.591102
9.701987 0.000000127794 2.221982 1.662639
9.751235 0.000000127149 2.232687 1.764840
9.800484 0.000000126510 2.211832 1.882935
9.849733 0.000000125877 2.165277 1.990106
9.898981 0.000000125251 2.118081 2.086767
9.948230 0.000000124631 2.074818 2.199924
9.997479 0.000000124017 2.005329 2.349307
10.046727 0.000000123409 1.863075 2.514314
10.095976 0.000000122807 1.638076 2.628916
10.145225 0.000000122211 1.385997 2.646097
10.194473 0.000000121621 1.168427 2.583123
10.243722 0.000000121036 1.006883 2.480559
10.292971 0.000000120457 0.898697 2.374094
10.342219 0.000000119883 0.817479 2.285745
10.391468 0.000000119315 0.739021 2.202238
10.440717 0.000000118752 0.672278 2.104491
10.489965 0.000000118195 0.638756 1.999821
10.539214 0.000000117642 0.642244 1.916806
10.588463 0.000000117095 0.654332 1.878932
10.637711 0.000000116553 0.637804 1.869302
10.686960 0.000000116016 0.594677 1.854736
10.736209 0.000000115484 0.539614 1.829775
10.785457 0.000000114957 0.474987 1.790310
10.834706 0.000000114434 0.411661 1.731016
10.883955 0.000000113916 0.358840 1.656719
10.933203 0.000000113403 0.320812 1.573126
10.982452 0.000000112895 0.299570 1.486862
11.031701 0.000000112391 0.293673 1.405202
11.080949 0.000000111891 0.296554 1.333297
11.130198 0.000000111396 0.299701 1.268764
11.179447 0.000000110905 0.302138 1.202250
11.228695 0.000000110419 0.313358 1.130876
11.277944 0.000000109937 0.338424 1.062470
11.327193 0.000000109459 0.374447 1.002960
11.376441 0.000000108985 0.420235 0.955163
11.425690 0.000000108515 0.472412 0.927755
11.474939 0.000000108049 0.514763 0.924831
11.524187 0.000000107588 0.532458 0.932081
11.573436 0.000000107130 0.529601 0.929142
11.622685 0.000000106676 0.522901 0.909470
11.671933 0.000000106226 0.523976 0.880703
11.721182 0.000000105779 0.532898 0.854683
11.770431 0.000000105337 0.538368 0.834748
11.819679 0.000000104898 0.536268 0.809580
11.868928 0.000000104463 0.535683 0.774004
11.918177 0.000000104031 0.542753 0.729900
11.967425 0.000000103603 0.565664 0.681593
12.016674 0.000000103178 0.605433 0.644085
12.065923 0.000000102757 0.648333 0.624054
12.115171 0.000000102339 0.685902 0.615678
12.164420 0.000000101925 0.715731 0.613644
12.213669 0.000000101514 0.738188 0.612058
12.262917 0.000000101106 0.757574 0.608413
12.312166 0.000000100702 0.776007 0.603080
12.361415 0.000000100301 0.796965 0.595723
12.410663 0.000000099903 0.824284 0.592023
12.459912 0.000000099508 0.853230 0.600042
12.509161 0.000000099116 0.872371 0.619833
12.558409 0.000000098727 0.874743 0.640518
12.607658 0.000000098342 0.865367 0.649371
12.656907 0.000000097959 0.859376 0.643128
12.706155 0.000000097579 0.866327 0.636199
12.755404 0.000000097203 0.874030 0.640861
12.804653 0.000000096829 0.869506 0.647370
12.853901 0.000000096458 0.860138 0.642804
12.903150 0.000000096090 0.857416 0.632317
12.952399 0.000000095724 0.858014 0.624276
13.001647 0.000000095362 0.856549 0.616551
13.050896 0.000000095002 0.854366 0.604262
13.100145 0.000000094645 0.858146 0.588083
13.149393 0.000000094290 0.867701 0.575948
13.198642 0.000000093938 0.876695 0.567532
13.247891 0.000000093589 0.886522 0.560181
13.297139 0.000000093243 0.896807 0.556749
13.346388 0.000000092898 0.904460 0.556263
13.395637 0.000000092557 0.909126 0.558071
13.444885 0.000000092218 0.906975 0.560231
13.494134 0.000000091881 0.900704 0.555116
13.543383 0.000000091547 0.898891 0.545752
13.592631 0.000000091216 0.897486 0.539318
13.641880 0.000000090886 0.890433 0.529941
13.691129 0.000000090559 0.885211 0.510338
13.740377 0.000000090235 0.892077 0.488384
13.789626 0.000000089912 0.904409 0.476657
13.838875 0.000000089592 0.909511 0.471599
13.888123 0.000000089275 0.906539 0.462477
13.937372 0.000000088959 0.902727 0.444267
13.986621 0.000000088646 0.904939 0.419680
14.035869 0.000000088335 0.914857 0.394075
14.085118 0.000000088026 0.930497 0.371786
14.134367 0.000000087719 0.947444 0.353185
14.183615 0.000000087415 0.965395 0.335567
14.232864 0.000000087112 0.985061 0.320060
14.282113 0.000000086812 1.004184 0.305746
14.331361 0.000000086514 1.025282 0.289808
14.380610 0.000000086217 1.051998 0.276412
14.429859 0.000000085923 1.079265 0.270854
14.479107 0.000000085631 1.099653 0.268729
14.528356 0.000000085341 1.115426 0.260911
14.577605 0.000000085052 1.135782 0.246925
14.626853 0.000000084766 1.163446 0.233761
14.676102 0.000000084482 1.195108 0.224730
14.725351 0.000000084199 1.229100 0.219697
14.774599 0.000000083918 1.264611 0.219772
14.823848 0.000000083639 1.298866 0.225681
14.873097 0.000000083363 1.328426 0.235538
14.922345 0.000000083087 1.352102 0.244077
14.971594 0.000000082814 1.374358 0.246407
15.020843 0.000000082543 1.402559 0.243094
15.070091 0.000000082273 1.441486 0.241232
15.119340 0.000000082005 1.487340 0.249220
15.168589 0.000000081739 1.531905 0.267878
15.217837 0.000000081474 1.571097 0.291933
15.267086 0.000000081211 1.607120 0.316651
15.316335 0.000000080950 1.643499 0.342169
15.365583 0.000000080691 1.681687 0.369921
15.414832 0.000000080433 1.722860 0.401809
15.464081 0.000000080177 1.767916 0.440613
15.513329 0.000000079922 1.816499 0.493061
15.562578 0.000000079669 1.857685 0.565895
15.611827 0.000000079418 1.877248 0.649739
15.661075 0.000000079168 1.879414 0.727987
15.710324 0.000000078920 1.878093 0.801957
15.759573 0.000000078673 1.871185 0.883221
15.808821 0.000000078428 1.845552 0.969541
15.858070 0.000000078185 1.800154 1.045290
15.907318 0.000000077943 1.749715 1.105976
15.956567 0.000000077702 1.697927 1.163152
16.005816 0.000000077463 1.634612 1.216462
16.055064 0.000000077225 1.562722 1.254873
16.104313 0.000000076989 1.493401 1.281368
16.153562 0.000000076755 1.423268 1.306151
16.202810 0.000000076521 1.340691 1.325113
16.252059 0.000000076289 1.245882 1.322290
16.301308 0.000000076059 1.155864 1.287274
16.350556 0.000000075830 1.092079 1.229276
16.399805 0.000000075602 1.057879 1.171912
16.449054 0.000000075376 1.038248 1.125940
16.498302 0.000000075151 1.024106 1.087703
16.547551 0.000000074927 1.013483 1.053583
16.596800 0.000000074705 1.007637 1.021437
16.646048 0.000000074484 1.009744 0.994111
16.695297 0.000000074264 1.016151 0.979765
16.744546 0.000000074046 1.012875 0.979101
16.793794 0.000000073828 0.990443 0.976235
16.843043 0.000000073613 0.960443 0.953643
16.892292 0.000000073398 0.942541 0.913602
16.941540 0.000000073185 0.944683 0.870267
16.990789 0.000000072972 0.963086 0.837500
17.040038 0.000000072762 0.985519 0.821171
17.089286 0.000000072552 1.001465 0.816997
17.138535 0.000000072343 1.005663 0.815094
17.187784 0.000000072136 1.004404 0.803162
17.237032 0.000000071930 1.013062 0.782745
17.286281 0.000000071725 1.035843 0.767953
17.335530 0.000000071521 1.064236 0.769001
17.384778 0.000000071319 1.084431 0.785451
17.434027 0.000000071117 1.090595 0.803843
17.483276 0.000000070917 1.094580 0.817168
17.532524 0.000000070718 1.101302 0.838591
17.581773 0.000000070520 1.094084 0.873038
17.631022 0.000000070323 1.063974 0.904658
17.680270 0.000000070127 1.017191 0.922088
17.729519 0.000000069932 0.958287 0.918464
17.778768 0.000000069738 0.898743 0.882838
17.828016 0.000000069546 0.862649 0.816889
17.877265 0.000000069354 0.864946 0.743803
17.926514 0.000000069163 0.897485 0.687871
17.975762 0.000000068974 0.940434 0.657764
18.025011 0.000000068785 0.978420 0.645475
18.074260 0.000000068598 1.012056 0.638939
18.123508 0.000000068412 1.049526 0.640575
18.172757 0.000000068226 1.083240 0.661072
18.222006 0.000000068042 1.095596 0.692757
18.271254 0.000000067858 1.087412 0.713336
18.320503 0.000000067676 1.079551 0.714277
18.369752 0.000000067495 1.088381 0.709845
18.419000 0.000000067314 1.109363 0.721733
18.468249 0.000000067135 1.119172 0.757609
18.517498 0.000000066956 1.097116 0.799290
18.566746 0.000000066778 1.048740 0.817434
18.615995 0.000000066602 1.002306 0.802817
18.665244 0.000000066426 0.976147 0.773933
18.714492 0.000000066251 0.962747 0.749631
18.763741 0.000000066077 0.947067 0.728527
18.812990 0.000000065904 0.928202 0.698477
18.862238 0.000000065732 0.916597 0.656323
18.911487 0.000000065561 0.917257 0.608678
18.960736 0.000000065391 0.929386 0.558778
19.009984 0.000000065221 0.954520 0.508406
19.059233 0.000000065053 0.994502 0.461165
19.108482 0.000000064885 1.050296 0.424001
19.157730 0.000000064718 1.115411 0.405564
19.206979 0.000000064553 1.177725 0.405585
19.256228 0.000000064387 1.231969 0.415277
19.305476 0.000000064223 1.281264 0.429370
19.354725 0.000000064060 1.327074 0.448196
19.403974 0.000000063897 1.368318 0.469911
19.453222 0.000000063735 1.408270 0.491349
19.502471 0.000000063574 1.452739 0.516028
19.551720 0.000000063414 1.499902 0.553470
19.600968 0.000000063255 1.537000 0.607186
19.650217 0.000000063096 1.552314 0.665479
19.699466 0.000000062939 1.550153 0.709447
19.748714 0.000000062782 1.551310 0.731762
19.797963 0.000000062626 1.574459 0.747805
19.847212 0.000000062470 1.616506 0.782733
19.896460 0.000000062316 1.654042 0.849502
19.945709 0.000000062162 1.660707 0.935316
19.994958 0.000000062009 1.633873 1.010167
20.044206 0.000000061856 1.595356 1.059040
20.093455 0.000000061705 1.563316 1.089202
20.142704 0.000000061554 1.542688 1.113366
20.191952 0.000000061404 1.528950 1.141365
20.241201 0.000000061254 1.513271 1.174928
20.290450 0.000000061106 1.489737 1.208234
20.339698 0.000000060958 1.460845 1.231250
20.388947 0.000000060810 1.440558 1.242052
20.438196 0.000000060664 1.436435 1.255725
20.487444 0.000000060518 1.436852 1.283920
20.536693 0.000000060373 1.431095 1.321531
20.585942 0.000000060228 1.418577 1.363590
20.635190 0.000000060085 1.398838 1.407667
20.684439 0.000000059942 1.372558 1.453735
20.733688 0.000000059799 1.333008 1.500149
20.782936 0.000000059658 1.282044 1.531892
20.832185 0.000000059517 1.239259 1.548294
20.881434 0.000000059376 1.210305 1.568551
20.930682 0.000000059236 1.179395 1.604944
20.979931 0.000000059097 1.128721 1.646910
21.029180 0.000000058959 1.062366 1.676439
21.078428 0.000000058821 0.991130 1.693344
21.127677 0.000000058684 0.912490 1.697239
21.176926 0.000000058548 0.833467 1.676285
21.226174 0.000000058412 0.774496 1.633642
21.275423 0.000000058277 0.743350 1.589032
21.324672 0.000000058142 0.732456 1.558042
21.373920 0.000000058008 0.729069 1.550078
21.423169 0.000000057875 0.711622 1.565221
21.472418 0.000000057742 0.665197 1.580859
21.521666 0.000000057610 0.601899 1.574019
21.570915 0.000000057478 0.541525 1.540418
21.620164 0.000000057347 0.501236 1.487349
21.669412 0.000000057217 0.488375 1.433759
21.718661 0.000000057087 0.492746 1.395606
21.767910 0.000000056958 0.499688 1.373244
21.817158 0.000000056830 0.505297 1.360191
21.866407 0.000000056702 0.507861 1.357423
21.915656 0.000000056574 0.498143 1.359169
21.964904 0.000000056447 0.482816 1.350508
22.014153 0.000000056321 0.476729 1.337697
22.063402 0.000000056195 0.474985 1.329471
22.112650 0.000000056070 0.479676 1.321249
22.161899 0.000000055946 0.500402 1.326278
22.211148 0.000000055821 0.520482 1.365490
22.260396 0.000000055698 0.508899 1.432013
22.309645 0.000000055575 0.455061 1.497171
22.358893 0.000000055453 0.370242 1.540343
22.408142 0.000000055331 0.267711 1.551550
22.457391 0.000000055209 0.167158 1.525899
22.506639 0.000000055089 0.086086 1.477056
22.555888 0.000000054968 0.022650 1.420378
22.605137 0.000000054849 -0.027190 1.360587
22.654385 0.000000054729 -0.068522 1.302904
22.703634 0.000000054611 -0.109953 1.242767
22.752883 0.000000054492 -0.146760 1.169385
22.802131 0.000000054375 -0.163870 1.085350
22.851380 0.000000054258 -0.158760 1.008971
22.900629 0.000000054141 -0.148714 0.946895
22.949877 0.000000054025 -0.141028 0.884594
22.999126 0.000000053909 -0.121867 0.814142
23.048375 0.000000053794 -0.078242 0.748694
23.097623 0.000000053679 -0.017495 0.708187
23.146872 0.000000053565 0.039747 0.695533
23.196121 0.000000053451 0.083657 0.699266
23.245369 0.000000053338 0.113424 0.711873
23.294618 0.000000053225 0.128168 0.726898
23.343867 0.000000053113 0.131094 0.737287
23.393115 0.000000053001 0.129266 0.740205
23.442364 0.000000052890 0.128169 0.739817
23.491613 0.000000052779 0.124910 0.740623
23.540861 0.000000052668 0.115969 0.739117
23.590110 0.000000052558 0.104941 0.730548
23.639359 0.000000052449 0.098928 0.717520
23.688607 0.000000052340 0.095885 0.708395
23.737856 0.000000052231 0.087894 0.700750
23.787105 0.000000052123 0.077655 0.687769
23.836353 0.000000052015 0.071151 0.671732
23.885602 0.000000051908 0.066805 0.658246
23.934851 0.000000051801 0.059037 0.646394
23.984099 0.000000051695 0.047846 0.630684
24.033348 0.000000051589 0.037832 0.610096
24.082597 0.000000051484 0.029929 0.587391
24.131845 0.000000051379 0.023083 0.561371
24.181094 0.000000051274 0.021561 0.531119
24.230343 0.000000051170 0.028194 0.502509
24.279591 0.000000051066 0.037951 0.481283
24.328840 0.000000050963 0.042750 0.464797
24.378089 0.000000050860 0.042647 0.443964
24.427337 0.000000050757 0.046125 0.416416
24.476586 0.000000050655 0.057947 0.388289
24.525835 0.000000050553 0.075743 0.366042
24.575083 0.000000050452 0.093107 0.351165
24.624332 0.000000050351 0.106312 0.339395
24.673581 0.000000050250 0.116326 0.326833
24.722829 0.000000050150 0.126093 0.311479
24.772078 0.000000050051 0.139347 0.295200
24.821327 0.000000049951 0.155240 0.282052
24.870575 0.000000049852 0.170545 0.272415
24.919824 0.000000049754 0.183575 0.264547
24.969073 0.000000049656 0.194510 0.255680
25.018321 0.000000049558 0.206820 0.244737
25.067570 0.000000049461 0.222704 0.235341
25.116819 0.000000049364 0.239317 0.230888
25.166067 0.000000049267 0.252561 0.230469
25.215316 0.000000049171 0.260825 0.230827
25.264565 0.000000049075 0.264752 0.228600
25.313813 0.000000048980 0.267646 0.221299
25.363062 0.000000048884 0.273825 0.210592
25.412311 0.000000048790 0.283665 0.200727
25.461559 0.000000048695 0.293754 0.193531
25.510808 0.000000048601 0.301414 0.185770
25.560057 0.000000048508 0.310394 0.173871
25.609305 0.000000048414 0.325457 0.161517
25.658554 0.000000048321 0.344529 0.154308
25.707803 0.000000048229 0.362333 0.152767
25.757051 0.000000048137 0.376251 0.153097
25.806300 0.000000048045 0.388219 0.151991
25.855549 0.000000047953 0.401032 0.149771
25.904797 0.000000047862 0.415653 0.148041
25.954046 0.000000047771 0.432198 0.148613
26.003295 0.000000047681 0.448961 0.153611
26.052543 0.000000047591 0.462436 0.162766
26.101792 0.000000047501 0.470767 0.172797
26.151041 0.000000047411 0.475359 0.180364
26.200289 0.000000047322 0.479551 0.184475
26.249538 0.000000047234 0.485924 0.187084
26.298787 0.000000047145 0.494605 0.190877
26.348035 0.000000047057 0.504269 0.197781
26.397284 0.000000046969 0.512604 0.208747
26.446533 0.000000046882 0.516650 0.223128
26.495781 0.000000046795 0.514244 0.237572
26.545030 0.000000046708 0.507132 0.248089
26.594279 0.000000046621 0.498753 0.254042
26.643527 0.000000046535 0.491129 0.256622
26.692776 0.000000046449 0.485211 0.257590
26.742025 0.000000046364 0.480476 0.258978
26.791273 0.000000046278 0.474721 0.261669
26.840522 0.000000046194 0.465692 0.264100
26.889771 0.000000046109 0.453217 0.263077
26.939019 0.000000046025 0.440027 0.256041
26.988268 0.000000045941 0.429971 0.243465
27.037517 0.000000045857 0.425292 0.227860
27.086765 0.000000045774 0.426790 0.212468
27.136014 0.000000045691 0.432763 0.200907
27.185263 0.000000045608 0.439147 0.194139
27.234511 0.000000045525 0.443265 0.189765
27.283760 0.000000045443 0.445435 0.185097
27.333009 0.000000045361 0.447382 0.179256
27.382257 0.000000045280 0.450165 0.173092
27.431506 0.000000045198 0.453269 0.167336
27.480755 0.000000045117 0.456294 0.161330
27.530003 0.000000045037 0.460323 0.154732
27.579252 0.000000044956 0.465895 0.149072
27.628501 0.000000044876 0.471384 0.145118
27.677749 0.000000044796 0.475885 0.141595
27.726998 0.000000044717 0.480268 0.137486
27.776247 0.000000044637 0.485804 0.133515
27.825495 0.000000044558 0.491810 0.131458
27.874744 0.000000044480 0.495949 0.130907
27.923993 0.000000044401 0.498161 0.129289
27.973241 0.000000044323 0.500636 0.126312
28.022490 0.000000044245 0.503538 0.123360
28.071739 0.000000044168 0.506149 0.120493
28.120987 0.000000044090 0.507958 0.117271
28.170236 0.000000044013 0.509114 0.112123
28.219485 0.000000043936 0.512196 0.104340
28.268733 0.000000043860 0.519259 0.096540
28.317982 0.000000043783 0.528950 0.091793
28.367231 0.000000043707 0.538335 0.090602
28.416479 0.000000043632 0.545702 0.091338
28.465728 0.000000043556 0.551012 0.092497
28.514977 0.000000043481 0.554413 0.092924
28.564225 0.000000043406 0.557217 0.091218
28.613474 0.000000043331 0.561732 0.088034
28.662722 0.000000043257 0.568370 0.085653
28.711971 0.000000043183 0.575657 0.085565
28.761220 0.000000043109 0.581321 0.087556
28.810468 0.000000043035 0.584235 0.089019
28.859717 0.000000042962 0.586828 0.087776
28.908966 0.000000042888 0.591842 0.085564
28.958214 0.000000042815 0.598588 0.085122
29.007463 0.000000042743 0.604868 0.086871
29.056712 0.000000042670 0.609483 0.089518
29.105960 0.000000042598 0.612753 0.091593
29.155209 0.000000042526 0.616137 0.092603
29.204458 0.000000042454 0.620787 0.094145
29.253706 0.000000042383 0.624749 0.098010
29.302955 0.000000042312 0.625614 0.102074
29.352204 0.000000042241 0.625093 0.103642
29.401452 0.000000042170 0.625431 0.103547
29.450701 0.000000042099 0.626601 0.102840
29.499950 0.000000042029 0.628977 0.101727
29.549198 0.000000041959 0.632694 0.101582
29.598447 0.000000041889 0.636166 0.102980
29.647696 0.000000041820 0.638783 0.104786
29.696944 0.000000041750 0.641107 0.106864
29.746193 0.000000041681 0.642597 0.109602
29.795442 0.000000041612 0.642610 0.112098
29.844690 0.000000041544 0.641827 0.113465
29.893939 0.000000041475 0.640916 0.113843
29.943188 0.000000041407 0.640060 0.113308
29.992436 0.000000041339 0.639560 0.111939
30.041685 0.000000041271 0.639489 0.109746
30.090934 0.000000041204 0.640515 0.106522
30.140182 0.000000041136 0.643440 0.103236
30.189431 0.000000041069 0.647783 0.100916
30.238680 0.000000041002 0.653115 0.099815
30.287928 0.000000040936 0.659090 0.100579
30.337177 0.000000040869 0.664428 0.103602
30.386426 0.000000040803 0.667880 0.107996
30.435674 0.000000040737 0.669218 0.112277
30.484923 0.000000040671 0.669507 0.115238
30.534172 0.000000040606 0.670312 0.117261
30.583420 0.000000040540 0.671940 0.119814
30.632669 0.000000040475 0.673276 0.123947
30.681918 0.000000040410 0.672547 0.129243
30.731166 0.000000040345 0.669107 0.133722
30.780415 0.000000040281 0.664162 0.135833
30.829664 0.000000040216 0.659288 0.135276
30.878912 0.000000040152 0.656002 0.132563
30.928161 0.000000040088 0.655343 0.129337
30.977410 0.000000040025 0.656476 0.127612
31.026658 0.000000039961 0.657610 0.127514
31.075907 0.000000039898 0.658231 0.128255
31.125156 0.000000039835 0.658337 0.129716
31.174404 0.000000039772 0.657282 0.132048
31.223653 0.000000039709 0.653871 0.134087
31.272902 0.000000039646 0.649189 0.133528
31.322150 0.000000039584 0.645784 0.130853
31.371399 0.000000039522 0.643952 0.127707
31.420648 0.000000039460 0.643573 0.124951
31.469896 0.000000039398 0.643709 0.123833
31.519145 0.000000039337 0.642322 0.123876
31.568394 0.000000039275 0.639146 0.122940
31.617642 0.000000039214 0.635750 0.120121
31.666891 0.000000039153 0.633257 0.116046
31.716140 0.000000039092 0.631716 0.111559
31.765388 0.000000039032 0.630805 0.106631
31.814637 0.000000038971 0.631181 0.101303
31.863886 0.000000038911 0.632785 0.096640
31.913134 0.000000038851 0.634896 0.092714
31.962383 0.000000038791 0.637484 0.089695
32.011632 0.000000038732 0.639593 0.087830
32.060880 0.000000038672 0.640680 0.085896
32.110129 0.000000038613 0.641791 0.083268
32.159378 0.000000038554 0.643415 0.080647
32.208626 0.000000038495 0.645134 0.078301
32.257875 0.000000038436 0.646896 0.075914
32.307124 0.000000038377 0.649109 0.073596
32.356372 0.000000038319 0.651689 0.071910
32.405621 0.000000038261 0.654088 0.071084
32.454870 0.000000038203 0.655618 0.070939
32.504118 0.000000038145 0.655777 0.070528
32.553367 0.000000038087 0.655303 0.068694
32.602616 0.000000038029 0.655626 0.065498
32.651864 0.000000037972 0.657510 0.062199
32.701113 0.000000037915 0.660097 0.060169
32.750362 0.000000037858 0.661762 0.058948
32.799610 0.000000037801 0.662581 0.056891
32.848859 0.000000037744 0.664133 0.053593
32.898108 0.000000037688 0.667357 0.050403
32.947356 0.000000037632 0.671457 0.048614
32.996605 0.000000037575 0.675244 0.048169
33.045854 0.000000037519 0.678243 0.048459
33.095102 0.000000037464 0.680381 0.048974
33.144351 0.000000037408 0.681814 0.049344
33.193600 0.000000037352 0.682697 0.049384
33.242848 0.000000037297 0.683202 0.048875
33.292097 0.000000037242 0.683612 0.047637
33.341346 0.000000037187 0.684464 0.045568
33.390594 0.000000037132 0.686440 0.043224
33.439843 0.000000037077 0.689324 0.041666
33.489092 0.000000037023 0.692094 0.041120
33.538340 0.000000036968 0.694289 0.040921
33.587589 0.000000036914 0.696164 0.040667
33.636838 0.000000036860 0.697884 0.040375
33.686086 0.000000036806 0.699472 0.039964
33.735335 0.000000036753 0.701171 0.039375
33.784584 0.000000036699 0.703212 0.038918
33.833832 0.000000036646 0.705289 0.039075
33.883081 0.000000036592 0.706637 0.039652
33.932330 0.000000036539 0.707266 0.039652
33.981578 0.000000036486 0.708242 0.038911
34.030827 0.000000036433 0.709834 0.038371
34.080076 0.000000036381 0.711384 0.038383
34.129324 0.000000036328 0.712410 0.038634
34.178573 0.000000036276 0.712913 0.038509
34.227822 0.000000036224 0.713516 0.037771
34.277070 0.000000036172 0.714609 0.036887
34.326319 0.000000036120 0.715946 0.036307
34.375568 0.000000036068 0.717106 0.035945
34.424816 0.000000036016 0.718105 0.035455
34.474065 0.000000035965 0.719227 0.034817
34.523314 0.000000035914 0.720542 0.034281
34.572562 0.000000035863 0.721848 0.033970
34.621811 0.000000035812 0.723032 0.033777
34.671060 0.000000035761 0.724104 0.033717
34.720308 0.000000035710 0.724845 0.033815
34.769557 0.000000035659 0.725031 0.033725
34.818806 0.000000035609 0.724871 0.032936
34.868054 0.000000035559 0.725046 0.031259
34.917303 0.000000035508 0.726159 0.029230
34.966551 0.000000035458 0.728065 0.027599
35.015800 0.000000035409 0.730230 0.026578
35.065049 0.000000035359 0.732351 0.025993
35.114297 0.000000035309 0.734404 0.025688
35.163546 0.000000035260 0.736382 0.025696
35.212795 0.000000035210 0.738134 0.025985
35.262043 0.000000035161 0.739633 0.026452
35.311292 0.000000035112 0.740788 0.027083
35.360541 0.000000035063 0.741473 0.027666
35.409789 0.000000035015 0.741826 0.027916
35.459038 0.000000034966 0.742172 0.027816
35.508287 0.000000034917 0.742581 0.027621
35.557535 0.000000034869 0.742846 0.027337
35.606784 0.000000034821 0.742980 0.026708
35.656033 0.000000034773 0.743302 0.025603
35.705281 0.000000034725 0.744170 0.024269
35.754530 0.000000034677 0.745556 0.023183
35.803779 0.000000034629 0.747075 0.022543
35.853027 0.000000034582 0.748445 0.022177
35.902276 0.000000034534 0.749664 0.021860
35.951525 0.000000034487 0.750895 0.021527
36.000773 0.000000034440 0.752202 0.021381
36.050022 0.000000034393 0.753277 0.021508
36.099271 0.000000034346 0.753965 0.021549
36.148519 0.000000034299 0.754564 0.021294
36.197768 0.000000034252 0.755277 0.020905
36.247017 0.000000034206 0.756036 0.020520
36.296265 0.000000034159 0.756780 0.020090
36.345514 0.000000034113 0.757580 0.019593
36.394763 0.000000034067 0.758466 0.019098
36.444011 0.000000034021 0.759407 0.018668
36.493260 0.000000033975 0.760317 0.018316
36.542509 0.000000033929 0.761157 0.017962
36.591757 0.000000033884 0.761988 0.017570
36.641006 0.000000033838 0.762814 0.017180
36.690255 0.000000033793 0.763608 0.016753
36.739503 0.000000033747 0.764436 0.016265
36.788752 0.000000033702 0.765332 0.015769
36.838001 0.000000033657 0.766288 0.015315
36.887249 0.000000033612 0.767254 0.014951
36.936498 0.000000033567 0.768151 0.014660
36.985747 0.000000033523 0.768912 0.014380
37.034995 0.000000033478 0.769535 0.013929
37.084244 0.000000033434 0.770286 0.013217
37.133493 0.000000033389 0.771342 0.012516
37.182741 0.000000033345 0.772492 0.012031
37.231990 0.000000033301 0.773584 0.011633
37.281239 0.000000033257 0.774696 0.011252
37.330487 0.000000033213 0.775851 0.010970
37.379736 0.000000033169 0.776975 0.010813
37.428985 0.000000033126 0.778031 0.010767
37.478233 0.000000033082 0.778939 0.010851
37.527482 0.000000033039 0.779568 0.010945
37.576731 0.000000032995 0.779960 0.010824
37.625979 0.000000032952 0.780319 0.010389
37.675228 0.000000032909 0.780856 0.009706
37.724477 0.000000032866 0.781639 0.008987
37.773725 0.000000032823 0.782549 0.008350
37.822974 0.000000032781 0.783509 0.007755
37.872223 0.000000032738 0.784528 0.007190
37.921471 0.000000032695 0.785608 0.006665
37.970720 0.000000032653 0.786742 0.006198
38.019969 0.000000032611 0.787909 0.005795
38.069217 0.000000032569 0.789118 0.005460
38.118466 0.000000032526 0.790361 0.005235
38.167715 0.000000032485 0.791570 0.005155
38.216963 0.000000032443 0.792662 0.005179
38.266212 0.000000032401 0.793616 0.005213
38.315461 0.000000032359 0.794490 0.005194
38.364709 0.000000032318 0.795345 0.005143
38.413958 0.000000032276 0.796164 0.005083
38.463207 0.000000032235 0.796962 0.004996
38.512455 0.000000032194 0.797742 0.004913
38.561704 0.000000032153 0.798454 0.004824
38.610953 0.000000032112 0.799095 0.004648
38.660201 0.000000032071 0.799759 0.004334
38.709450 0.000000032030 0.800546 0.003945
38.758699 0.000000031989 0.801461 0.003585
38.807947 0.000000031949 0.802443 0.003321
38.857196 0.000000031908 0.803409 0.003148
38.906445 0.000000031868 0.804327 0.003012
38.955693 0.000000031827 0.805221 0.002875
39.004942 0.000000031787 0.806105 0.002746
39.054191 0.000000031747 0.806970 0.002612
39.103439 0.000000031707 0.807850 0.002451
39.152688 0.000000031667 0.808782 0.002303
39.201937 0.000000031627 0.809746 0.002215
39.251185 0.000000031588 0.810703 0.002194
39.300434 0.000000031548 0.811630 0.002234
39.349683 0.000000031509 0.812506 0.002327
39.398931 0.000000031469 0.813305 0.002453
39.448180 0.000000031430 0.814013 0.002566
39.497429 0.000000031391 0.814668 0.002623
39.546677 0.000000031352 0.815312 0.002626
39.595926 0.000000031313 0.815975 0.002598
39.645175 0.000000031274 0.816654 0.002585
39.694423 0.000000031235 0.817300 0.002603
39.743672 0.000000031196 0.817869 0.002600
39.792921 0.000000031158 0.818401 0.002501
39.842169 0.000000031119 0.818987 0.002315
39.891418 0.000000031081 0.819653 0.002116
39.940667 0.000000031043 0.820371 0.001944
39.989915 0.000000031004 0.821111 0.001805
40.039164 0.000000030966 0.821856 0.001697
40.088413 0.000000030928 0.822599 0.001614
40.137661 0.000000030890 0.823335 0.001547
40.186910 0.000000030852 0.824064 0.001497
40.236159 0.000000030815 0.824781 0.001459
40.285407 0.000000030777 0.825487 0.001430
40.334656 0.000000030739 0.826182 0.001407
40.383905 0.000000030702 0.826866 0.001388
40.433153 0.000000030664 0.827544 0.001372
40.482402 0.000000030627 0.828214 0.001360
40.531651 0.000000030590 0.828877 0.001353
40.580899 0.000000030553 0.829533 0.001352
40.630148 0.000000030516 0.830178 0.001361
40.679397 0.000000030479 0.830804 0.001378
40.728645 0.000000030442 0.831404 0.001387
40.777894 0.000000030405 0.831995 0.001373
40.827143 0.000000030369 0.832599 0.001349
40.876391 0.000000030332 0.833212 0.001337
40.925640 0.000000030295 0.833811 0.001344
40.974889 0.000000030259 0.834380 0.001348
41.024137 0.000000030223 0.834934 0.001324
41.073386 0.000000030186 0.835505 0.001281
41.122635 0.000000030150 0.836091 0.001241
41.171883 0.000000030114 0.836680 0.001212
41.221132 0.000000030078 0.837266 0.001192
41.270380 0.000000030042 0.837846 0.001176
41.319629 0.000000030007 0.838421 0.001163
41.368878 0.000000029971 0.838989 0.001151
41.418126 0.000000029935 0.839553 0.001141
41.467375 0.000000029900 0.840112 0.001131
41.516624 0.000000029864 0.840666 0.001122
41.565872 0.000000029829 0.841216 0.001113
41.615121 0.000000029793 0.841762 0.001104
41.664370 0.000000029758 0.842304 0.001096
41.713618 0.000000029723 0.842842 0.001088
41.762867 0.000000029688 0.843376 0.001080
41.812116 0.000000029653 0.843906 0.001073
41.861364 0.000000029618 0.844432 0.001065
41.910613 0.000000029583 0.844955 0.001058
41.959862 0.000000029549 0.845474 0.001051
42.009110 0.000000029514 0.845989 0.001044
42.058359 0.000000029479 0.846502 0.001037
42.107608 0.000000029445 0.847011 0.001030
42.156856 0.000000029411 0.847516 0.001023
42.206105 0.000000029376 0.848018 0.001017
42.255354 0.000000029342 0.848517 0.001010
42.304602 0.000000029308 0.849013 0.001004
42.353851 0.000000029274 0.849506 0.000997
42.403100 0.000000029240 0.849995 0.000991
42.452348 0.000000029206 0.850482 0.000985
42.501597 0.000000029172 0.850966 0.000979
42.550846 0.000000029138 0.851446 0.000973
42.600094 0.000000029105 0.851924 0.000967
42.649343 0.000000029071 0.852398 0.000961
42.698592 0.000000029037 0.852870 0.000955
42.747840 0.000000029004 0.853339 0.000950
42.797089 0.000000028971 0.853806 0.000944
42.846338 0.000000028937 0.854269 0.000938
42.895586 0.000000028904 0.854729 0.000933
42.944835 0.000000028871 0.855187 0.000927
42.994084 0.000000028838 0.855643 0.000922
43.043332 0.000000028805 0.856095 0.000917
43.092581 0.000000028772 0.856545 0.000911
43.141830 0.000000028739 0.856993 0.000906
43.191078 0.000000028706 0.857438 0.000901
43.240327 0.000000028674 0.857880 0.000896
43.289576 0.000000028641 0.858320 0.000891
43.338824 0.000000028609 0.858758 0.000886
43.388073 0.000000028576 0.859193 0.000881
43.437322 0.000000028544 0.859625 0.000876
43.486570 0.000000028511 0.860055 0.000871
43.535819 0.000000028479 0.860483 0.000866
43.585068 0.000000028447 0.860908 0.000861
43.634316 0.000000028415 0.861331 0.000857
43.683565 0.000000028383 0.861752 0.000852
43.732814 0.000000028351 0.862171 0.000847
43.782062 0.000000028319 0.862586 0.000843
43.831311 0.000000028287 0.863000 0.000838
43.880560 0.000000028255 0.863412 0.000834
43.929808 0.000000028224 0.863821 0.000829
43.979057 0.000000028192 0.864228 0.000825
44.028306 0.000000028161 0.864634 0.000820
44.077554 0.000000028129 0.865036 0.000816
44.126803 0.000000028098 0.865437 0.000812
44.176052 0.000000028066 0.865836 0.000807
44.225300 0.000000028035 0.866233 0.000803
44.274549 0.000000028004 0.866627 0.000799
44.323798 0.000000027973 0.867020 0.000795
44.373046 0.000000027942 0.867410 0.000791
44.422295 0.000000027911 0.867799 0.000787
44.471544 0.000000027880 0.868185 0.000783
44.520792 0.000000027849 0.868570 0.000779
44.570041 0.000000027818 0.868952 0.000775
44.619290 0.000000027788 0.869333 0.000771
44.668538 0.000000027757 0.869711 0.000767
44.717787 0.000000027726 0.870088 0.000763
44.767036 0.000000027696 0.870462 0.000759
44.816284 0.000000027665 0.870836 0.000755
44.865533 0.000000027635 0.871207 0.000752
44.914782 0.000000027605 0.871576 0.000748
44.964030 0.000000027574 0.871943 0.000744
45.013279 0.000000027544 0.872309 0.000740
45.062528 0.000000027514 0.872673 0.000737
45.111776 0.000000027484 0.873034 0.000733
45.161025 0.000000027454 0.873395 0.000729
45.210274 0.000000027424 0.873752 0.000726
45.259522 0.000000027394 0.874110 0.000722
45.308771 0.000000027365 0.874464 0.000719
45.358020 0.000000027335 0.874818 0.000715
45.407268 0.000000027305 0.875169 0.000712
45.456517 0.000000027276 0.875518 0.000708
45.505766 0.000000027246 0.875867 0.000705
45.555014 0.000000027217 0.876213 0.000702
45.604263 0.000000027187 0.876558 0.000698
45.653512 0.000000027158 0.876901 0.000695
45.702760 0.000000027129 0.877243 0.000692
45.752009 0.000000027100 0.877582 0.000688
45.801258 0.000000027070 0.877920 0.000685
45.850506 0.000000027041 0.878257 0.000682
45.899755 0.000000027012 0.878592 0.000679
45.949004 0.000000026983 0.878925 0.000676
45.998252 0.000000026954 0.879258 0.000672
46.047501 0.000000026926 0.879588 0.000669
46.096750 0.000000026897 0.879917 0.000666
46.145998 0.000000026868 0.880244 0.000663
46.195247 0.000000026840 0.880570 0.000660
46.244496 0.000000026811 0.880894 0.000657
46.293744 0.000000026782 0.881217 0.000654
46.342993 0.000000026754 0.881538 0.000651
46.392242 0.000000026726 0.881858 0.000648
46.441490 0.000000026697 0.882176 0.000645
46.490739 0.000000026669 0.882493 0.000642
46.539988 0.000000026641 0.882808 0.000639
46.589236 0.000000026613 0.883122 0.000636
46.638485 0.000000026584 0.883435 0.000633
46.687734 0.000000026556 0.883746 0.000630
46.736982 0.000000026528 0.884056 0.000628
46.786231 0.000000026501 0.884365 0.000625
46.835480 0.000000026473 0.884672 0.000622
46.884728 0.000000026445 0.884977 0.000619
46.933977 0.000000026417 0.885282 0.000617
46.983226 0.000000026389 0.885585 0.000614
47.032474 0.000000026362 0.885886 0.000611
47.081723 0.000000026334 0.886186 0.000608
47.130972 0.000000026307 0.886485 0.000606
47.180220 0.000000026279 0.886783 0.000603
47.229469 0.000000026252 0.887079 0.000600
47.278718 0.000000026224 0.887374 0.000598
47.327966 0.000000026197 0.887667 0.000595
47.377215 0.000000026170 0.887961 0.000593
47.426464 0.000000026143 0.888251 0.000590
47.475712 0.000000026116 0.888541 0.000587
47.524961 0.000000026089 0.888830 0.000585
47.574210 0.000000026062 0.889117 0.000582
47.623458 0.000000026035 0.889403 0.000580
47.672707 0.000000026008 0.889688 0.000577
47.721955 0.000000025981 0.889972 0.000575
47.771204 0.000000025954 0.890255 0.000572
47.820453 0.000000025927 0.890536 0.000570
47.869701 0.000000025901 0.890816 0.000567
47.918950 0.000000025874 0.891095 0.000565
47.968199 0.000000025848 0.891373 0.000563
48.017447 0.000000025821 0.891649 0.000560
48.066696 0.000000025795 0.891924 0.000558
48.115945 0.000000025768 0.892199 0.000556
48.165193 0.000000025742 0.892471 0.000553
48.214442 0.000000025716 0.892743 0.000551
48.263691 0.000000025689 0.893014 0.000549
48.312939 0.000000025663 0.893284 0.000546
48.362188 0.000000025637 0.893552 0.000544
48.411437 0.000000025611 0.893819 0.000542
48.460685 0.000000025585 0.894086 0.000540
48.509934 0.000000025559 0.894351 0.000537
48.559183 0.000000025533 0.894615 0.000535
48.608431 0.000000025507 0.894878 0.000533
48.657680 0.000000025481 0.895140 0.000531
48.706929 0.000000025455 0.895401 0.000528
48.756177 0.000000025430 0.895660 0.000526
48.805426 0.000000025404 0.895919 0.000524
48.854675 0.000000025379 0.896176 0.000522
48.903923 0.000000025353 0.896433 0.000520
48.953172 0.000000025327 0.896689 0.000518
49.002421 0.000000025302 0.896943 0.000516
49.051669 0.000000025277 0.897197 0.000514
49.100918 0.000000025251 0.897449 0.000512
49.150167 0.000000025226 0.897700 0.000509
49.199415 0.000000025201 0.897951 0.000507
