0.075334 0.000016458162 3.414645 0.002039
0.150668 0.000008229081 3.416942 0.004100
0.226002 0.000005486054 3.420796 0.006206
0.301336 0.000004114541 3.426249 0.008380
0.376670 0.000003291632 3.433359 0.010648
0.452004 0.000002743027 3.442216 0.013042
0.527339 0.000002351162 3.452907 0.015594
0.602673 0.000002057267 3.465554 0.018346
0.678007 0.000001828682 3.480363 0.021347
0.753341 0.000001645814 3.497513 0.024657
0.828675 0.000001496195 3.517265 0.028351
0.904009 0.000001371512 3.539924 0.032527
0.979343 0.000001266011 3.565878 0.037310
1.054677 0.000001175582 3.595636 0.042865
1.130011 0.000001097210 3.629816 0.049420
1.205345 0.000001028634 3.669240 0.057286
1.280679 0.000000968126 3.714979 0.066908
1.356013 0.000000914342 3.768465 0.078938
1.431347 0.000000866218 3.831651 0.094366
1.506682 0.000000822907 3.907301 0.114760
1.582016 0.000000783721 3.999383 0.142721
1.657350 0.000000748097 4.113831 0.182838
1.732684 0.000000715571 4.259737 0.243825
1.808018 0.000000685756 4.451310 0.343785
1.883352 0.000000658326 4.709277 0.524599
1.958686 0.000000633006 5.049704 0.895755
2.034020 0.000000609561 5.344821 1.746870
2.109354 0.000000587791 4.623309 3.193822
2.184688 0.000000567522 2.639440 3.004656
2.260022 0.000000548605 2.262321 1.672314
2.335356 0.000000530908 2.693464 1.049298
2.410690 0.000000514317 3.180429 0.935784
2.486025 0.000000498732 3.575730 1.225918
2.561359 0.000000484063 3.472497 1.821359
2.636693 0.000000470233 2.977526 2.044889
2.712027 0.000000457171 2.341820 1.855552
2.787361 0.000000444815 2.269767 1.304866
2.862695 0.000000433109 2.403182 1.061810
2.938029 0.000000422004 2.643473 0.893446
3.013363 0.000000411454 2.967498 1.055676
3.088697 0.000000401418 2.886930 1.590412
3.164031 0.000000391861 2.184457 1.584376
3.239365 0.000000382748 2.074309 1.074015
3.314699 0.000000374049 2.240713 0.935629
3.390033 0.000000365737 2.194435 0.920203
3.465368 0.000000357786 2.165984 0.744119
3.540702 0.000000350173 2.206801 0.644797
3.616036 0.000000342878 2.256048 0.491578
3.691370 0.000000335880 2.400544 0.430120
3.766704 0.000000329163 2.446699 0.460535
3.842038 0.000000322709 2.447320 0.398691
3.917372 0.000000316503 2.507133 0.320682
3.992706 0.000000310531 2.609976 0.283213
4.068040 0.000000304780 2.680352 0.307171
4.143374 0.000000299239 2.690583 0.296093
4.218708 0.000000293895 2.742241 0.242095
4.294042 0.000000288739 2.833274 0.210877
4.369376 0.000000283761 2.936893 0.210475
4.444711 0.000000278952 3.050302 0.247980
4.520045 0.000000274302 3.138785 0.357040
4.595379 0.000000269806 3.117763 0.467121
4.670713 0.000000265454 3.075510 0.518977
4.746047 0.000000261240 3.033598 0.509965
4.821381 0.000000257159 3.006751 0.505338
4.896715 0.000000253202 3.002550 0.413513
4.972049 0.000000249366 3.117909 0.373737
5.047383 0.000000245644 3.200791 0.439764
5.122717 0.000000242032 3.207134 0.500008
5.198051 0.000000238524 3.207652 0.524818
5.273385 0.000000235116 3.193576 0.528924
5.348719 0.000000231805 3.220172 0.501845
5.424054 0.000000228585 3.265999 0.519252
5.499388 0.000000225454 3.301150 0.526737
5.574722 0.000000222407 3.322876 0.579768
5.650056 0.000000219442 3.290218 0.580042
5.725390 0.000000216555 3.318592 0.536760
5.800724 0.000000213742 3.364269 0.543424
5.876058 0.000000211002 3.357364 0.528241
5.951392 0.000000208331 3.415173 0.442439
6.026726 0.000000205727 3.542362 0.412644
6.102060 0.000000203187 3.662298 0.429387
6.177394 0.000000200709 3.787299 0.461666
6.252728 0.000000198291 3.916697 0.540931
6.328062 0.000000195930 3.998825 0.640386
6.403397 0.000000193625 4.091896 0.730909
6.478731 0.000000191374 4.171297 0.888685
6.554065 0.000000189174 4.173053 1.068069
6.629399 0.000000187024 4.031843 1.205401
6.704733 0.000000184923 3.885654 1.098898
6.780067 0.000000182868 4.020884 0.904758
6.855401 0.000000180859 4.293510 0.934865
6.930735 0.000000178893 4.473929 1.144747
7.006069 0.000000176969 4.426045 1.284362
7.081403 0.000000175087 4.562847 1.179479
7.156737 0.000000173244 4.994160 1.273953
7.232071 0.000000171439 5.437710 1.745706
7.307405 0.000000169672 5.625219 2.673886
7.382740 0.000000167940 4.878924 3.599737
7.458074 0.000000166244 3.914162 3.586967
7.533408 0.000000164581 3.465793 3.122461
7.608742 0.000000162952 3.533808 2.866801
7.684076 0.000000161354 3.382541 2.907675
7.759410 0.000000159788 3.309135 2.617414
7.834744 0.000000158251 3.514606 2.574536
7.910078 0.000000156744 3.611705 2.711885
7.985412 0.000000155266 3.602816 3.028733
8.060746 0.000000153814 3.122421 3.134793
8.136080 0.000000152390 2.980516 2.913468
8.211414 0.000000150992 2.811272 2.734229
8.286748 0.000000149620 2.931385 2.456804
8.362083 0.000000148272 3.123113 2.457389
8.437417 0.000000146948 3.140415 2.471682
8.512751 0.000000145647 3.305696 2.386442
8.588085 0.000000144370 3.528084 2.563579
8.663419 0.000000143114 3.481985 2.827035
8.738753 0.000000141881 3.401747 2.828259
8.814087 0.000000140668 3.515034 2.884079
8.889421 0.000000139476 3.640395 3.208291
8.964755 0.000000138304 3.190426 3.530900
9.040089 0.000000137151 2.935246 3.193265
9.115423 0.000000136018 3.134926 2.997351
9.190757 0.000000134903 3.459871 3.084104
9.266091 0.000000133806 3.563977 3.565599
9.341426 0.000000132727 3.228216 3.782166
9.416760 0.000000131665 3.210902 3.771296
9.492094 0.000000130620 3.162899 4.054333
9.567428 0.000000129592 2.834324 4.252631
9.642762 0.000000128579 2.567492 4.100325
9.718096 0.000000127583 2.605007 4.121752
9.793430 0.000000126601 2.367221 4.096510
9.868764 0.000000125635 2.558073 3.937755
9.944098 0.000000124683 2.781628 4.241643
10.019432 0.000000123745 2.556963 4.825426
10.094766 0.000000122822 1.958895 4.782557
10.170100 0.000000121912 2.081508 4.657248
10.245434 0.000000121016 1.864715 5.181020
10.320769 0.000000120132 1.202242 5.185155
10.396103 0.000000119262 0.826034 4.972018
10.471437 0.000000118404 0.540762 4.686049
10.546771 0.000000117558 0.418570 4.428401
10.622105 0.000000116724 0.328764 4.181474
10.697439 0.000000115902 0.339444 3.985149
10.772773 0.000000115092 0.352374 3.744693
10.848107 0.000000114293 0.672166 3.634015
10.923441 0.000000113504 0.832997 3.981519
10.998775 0.000000112727 0.508742 4.250163
11.074109 0.000000111960 0.147906 4.186506
11.149443 0.000000111204 -0.023496 3.916970
11.224777 0.000000110457 0.062632 3.796689
11.300111 0.000000109721 -0.032466 3.929896
11.375446 0.000000108994 -0.262744 3.794762
11.450780 0.000000108277 -0.297996 3.731452
11.526114 0.000000107570 -0.532249 3.699915
11.601448 0.000000106871 -0.708505 3.405098
11.676782 0.000000106182 -0.606461 3.163776
11.752116 0.000000105501 -0.532480 3.186980
11.827450 0.000000104829 -0.675236 3.168383
11.902784 0.000000104165 -0.797773 2.987070
11.978118 0.000000103510 -0.760564 2.787979
12.053452 0.000000102863 -0.697539 2.699564
12.128786 0.000000102225 -0.648463 2.662497
12.204120 0.000000101593 -0.677873 2.630850
12.279454 0.000000100970 -0.671018 2.595718
12.354789 0.000000100355 -0.735319 2.573080
12.430123 0.000000099746 -0.818530 2.488523
12.505457 0.000000099145 -0.862253 2.364841
12.580791 0.000000098552 -0.874650 2.213780
12.656125 0.000000097965 -0.811041 2.073134
12.731459 0.000000097385 -0.673197 1.976913
12.806793 0.000000096813 -0.526311 2.057395
12.882127 0.000000096246 -0.569211 2.169285
12.957461 0.000000095687 -0.646881 2.230331
13.032795 0.000000095134 -0.800784 2.218237
13.108129 0.000000094587 -0.914241 2.151024
13.183463 0.000000094047 -1.048393 2.048390
13.258797 0.000000093512 -1.145329 1.855735
13.334132 0.000000092984 -1.119543 1.654259
13.409466 0.000000092461 -1.063266 1.526675
13.484800 0.000000091945 -1.007292 1.427975
13.560134 0.000000091434 -0.949164 1.365782
13.635468 0.000000090929 -0.939831 1.311085
13.710802 0.000000090429 -0.928720 1.233743
13.786136 0.000000089935 -0.928837 1.137723
13.861470 0.000000089446 -0.891276 1.005483
13.936804 0.000000088963 -0.796924 0.889938
14.012138 0.000000088485 -0.678075 0.816053
14.087472 0.000000088011 -0.558315 0.801119
14.162806 0.000000087543 -0.483500 0.804933
14.238140 0.000000087080 -0.393026 0.808440
14.313475 0.000000086622 -0.357037 0.877028
14.388809 0.000000086168 -0.384583 0.881211
14.464143 0.000000085720 -0.375112 0.843316
14.539477 0.000000085275 -0.359686 0.824710
14.614811 0.000000084836 -0.345929 0.783973
14.690145 0.000000084401 -0.305412 0.732816
14.765479 0.000000083970 -0.235123 0.704820
14.840813 0.000000083544 -0.160505 0.724503
14.916147 0.000000083122 -0.132736 0.764026
14.991481 0.000000082704 -0.132201 0.802776
15.066815 0.000000082291 -0.165628 0.815387
15.142149 0.000000081881 -0.210932 0.782753
15.217483 0.000000081476 -0.193421 0.700587
15.292818 0.000000081075 -0.130798 0.696689
15.368152 0.000000080677 -0.147744 0.712637
15.443486 0.000000080284 -0.179729 0.636442
15.518820 0.000000079894 -0.098883 0.552964
15.594154 0.000000079508 -0.005630 0.555270
15.669488 0.000000079126 0.038811 0.593500
15.744822 0.000000078747 0.056867 0.598447
15.820156 0.000000078372 0.109456 0.616264
15.895490 0.000000078001 0.119624 0.683932
15.970824 0.000000077633 0.055191 0.694166
16.046158 0.000000077268 0.051320 0.630449
16.121492 0.000000076907 0.113623 0.613097
16.196826 0.000000076550 0.143000 0.647564
16.272161 0.000000076195 0.144972 0.665800
16.347495 0.000000075844 0.148835 0.685283
16.422829 0.000000075496 0.140521 0.699234
16.498163 0.000000075151 0.129663 0.721380
16.573497 0.000000074810 0.080606 0.730312
16.648831 0.000000074471 0.055194 0.682114
16.724165 0.000000074136 0.066898 0.665395
16.799499 0.000000073803 0.055349 0.658579
16.874833 0.000000073474 0.028421 0.646763
16.950167 0.000000073147 -0.004419 0.577271
17.025501 0.000000072824 0.039944 0.504908
17.100835 0.000000072503 0.103067 0.476665
17.176169 0.000000072185 0.156517 0.501388
17.251504 0.000000071870 0.164637 0.520481
17.326838 0.000000071557 0.159677 0.538446
17.402172 0.000000071247 0.140069 0.518922
17.477506 0.000000070940 0.157165 0.493821
17.552840 0.000000070636 0.175206 0.490012
17.628174 0.000000070334 0.170877 0.491930
17.703508 0.000000070035 0.163283 0.459698
17.778842 0.000000069738 0.188787 0.417577
17.854176 0.000000069444 0.240176 0.401461
17.929510 0.000000069152 0.283794 0.411190
18.004844 0.000000068863 0.315205 0.427090
18.080178 0.000000068576 0.346493 0.460447
18.155512 0.000000068291 0.345855 0.502267
18.230847 0.000000068009 0.329342 0.531726
18.306181 0.000000067729 0.297304 0.553548
18.381515 0.000000067451 0.247786 0.541863
18.456849 0.000000067176 0.224906 0.495446
18.532183 0.000000066903 0.236247 0.444642
18.607517 0.000000066632 0.277170 0.425131
18.682851 0.000000066363 0.298904 0.424236
18.758185 0.000000066097 0.323927 0.416610
18.833519 0.000000065833 0.365776 0.431954
18.908853 0.000000065570 0.370917 0.488758
18.984187 0.000000065310 0.323742 0.504738
19.059521 0.000000065052 0.304534 0.486887
19.134855 0.000000064796 0.281795 0.469886
19.210190 0.000000064542 0.284397 0.426179
19.285524 0.000000064290 0.313044 0.411080
19.360858 0.000000064039 0.323619 0.403100
19.436192 0.000000063791 0.345483 0.399613
19.511526 0.000000063545 0.349387 0.401450
19.586860 0.000000063301 0.365381 0.378923
19.662194 0.000000063058 0.407183 0.392213
19.737528 0.000000062817 0.411797 0.418399
19.812862 0.000000062579 0.414301 0.433251
19.888196 0.000000062341 0.402603 0.449614
19.963530 0.000000062106 0.393185 0.447118
20.038864 0.000000061873 0.384881 0.441132
20.114198 0.000000061641 0.394855 0.432648
20.189533 0.000000061411 0.397254 0.438835
20.264867 0.000000061183 0.403575 0.437297
20.340201 0.000000060956 0.401232 0.452097
20.415535 0.000000060731 0.390780 0.445290
20.490869 0.000000060508 0.398439 0.440829
20.566203 0.000000060286 0.403244 0.449291
20.641537 0.000000060066 0.398422 0.453878
20.716871 0.000000059848 0.402384 0.456925
20.792205 0.000000059631 0.398431 0.476830
20.867539 0.000000059416 0.375207 0.483599
20.942873 0.000000059202 0.357686 0.485803
21.018207 0.000000058990 0.327876 0.468203
21.093541 0.000000058779 0.332686 0.443155
21.168876 0.000000058570 0.337741 0.439917
21.244210 0.000000058362 0.333024 0.443399
21.319544 0.000000058156 0.316007 0.429341
21.394878 0.000000057951 0.333004 0.410421
21.470212 0.000000057748 0.348904 0.437582
21.545546 0.000000057546 0.308900 0.466487
21.620880 0.000000057345 0.253722 0.446504
21.696214 0.000000057146 0.235277 0.391820
21.771548 0.000000056949 0.249042 0.367574
21.846882 0.000000056752 0.235832 0.344693
21.922216 0.000000056557 0.248359 0.308179
21.997550 0.000000056364 0.265102 0.296719
22.072884 0.000000056171 0.265086 0.282984
22.148219 0.000000055980 0.273519 0.258382
22.223553 0.000000055790 0.293839 0.242331
22.298887 0.000000055602 0.309493 0.240324
22.374221 0.000000055415 0.310248 0.234132
22.449555 0.000000055229 0.320418 0.219329
22.524889 0.000000055044 0.332103 0.210687
22.600223 0.000000054860 0.339110 0.203225
22.675557 0.000000054678 0.351909 0.183867
22.750891 0.000000054497 0.382862 0.177352
22.826225 0.000000054317 0.406781 0.194428
22.901559 0.000000054139 0.408272 0.215212
22.976893 0.000000053961 0.392127 0.225857
23.052227 0.000000053785 0.374095 0.211412
23.127562 0.000000053610 0.378984 0.183488
23.202896 0.000000053436 0.405169 0.174034
23.278230 0.000000053263 0.417884 0.184534
23.353564 0.000000053091 0.419153 0.189333
23.428898 0.000000052920 0.418082 0.195218
23.504232 0.000000052750 0.405594 0.194274
23.579566 0.000000052582 0.396829 0.175261
23.654900 0.000000052414 0.406838 0.154467
23.730234 0.000000052248 0.423417 0.146771
23.805568 0.000000052083 0.433453 0.145059
23.880902 0.000000051918 0.443614 0.142623
23.956236 0.000000051755 0.449555 0.145969
24.031570 0.000000051593 0.450544 0.141601
24.106905 0.000000051432 0.459344 0.135325
24.182239 0.000000051271 0.467398 0.137233
24.257573 0.000000051112 0.472054 0.136265
24.332907 0.000000050954 0.477322 0.138476
24.408241 0.000000050797 0.475967 0.138405
24.483575 0.000000050640 0.478781 0.134622
24.558909 0.000000050485 0.479778 0.133960
24.634243 0.000000050331 0.476779 0.127970
24.709577 0.000000050177 0.479935 0.115857
24.784911 0.000000050025 0.490414 0.106046
24.860245 0.000000049873 0.502606 0.102293
24.935579 0.000000049722 0.515910 0.101746
25.010913 0.000000049573 0.524466 0.109389
25.086248 0.000000049424 0.525074 0.113060
25.161582 0.000000049276 0.526480 0.112119
25.236916 0.000000049129 0.532274 0.110599
25.312250 0.000000048983 0.534464 0.117678
25.387584 0.000000048837 0.526764 0.113408
25.462918 0.000000048693 0.531745 0.103050
25.538252 0.000000048549 0.540520 0.100516
25.613586 0.000000048406 0.547409 0.099621
25.688920 0.000000048264 0.554722 0.102760
25.764254 0.000000048123 0.555070 0.108719
25.839588 0.000000047983 0.551443 0.106680
25.914922 0.000000047843 0.553679 0.102170
25.990256 0.000000047705 0.556305 0.101196
26.065591 0.000000047567 0.555771 0.098792
26.140925 0.000000047430 0.557420 0.092006
26.216259 0.000000047294 0.562507 0.086728
26.291593 0.000000047158 0.568482 0.081079
26.366927 0.000000047023 0.578872 0.077790
26.442261 0.000000046889 0.587736 0.079942
26.517595 0.000000046756 0.594133 0.082469
26.592929 0.000000046624 0.600244 0.086211
26.668263 0.000000046492 0.603386 0.092103
26.743597 0.000000046361 0.602621 0.097462
26.818931 0.000000046231 0.598409 0.097877
26.894265 0.000000046101 0.598535 0.095082
26.969599 0.000000045972 0.598449 0.092349
27.044934 0.000000045844 0.603113 0.088042
27.120268 0.000000045717 0.610249 0.090158
27.195602 0.000000045590 0.609955 0.098006
27.270936 0.000000045464 0.601301 0.095146
27.346270 0.000000045339 0.604725 0.086584
27.421604 0.000000045215 0.610958 0.086497
27.496938 0.000000045091 0.611729 0.088676
27.572272 0.000000044968 0.611288 0.087347
27.647606 0.000000044845 0.612499 0.085846
27.722940 0.000000044723 0.613178 0.085180
27.798274 0.000000044602 0.611890 0.083377
27.873608 0.000000044481 0.611216 0.079476
27.948942 0.000000044362 0.613520 0.073227
28.024277 0.000000044242 0.617860 0.070324
28.099611 0.000000044124 0.621809 0.067519
28.174945 0.000000044006 0.625980 0.067471
28.250279 0.000000043888 0.626782 0.066195
28.325613 0.000000043772 0.629510 0.062321
28.400947 0.000000043656 0.635151 0.060244
28.476281 0.000000043540 0.639625 0.060950
28.551615 0.000000043425 0.642027 0.061133
28.626949 0.000000043311 0.646200 0.061916
28.702283 0.000000043197 0.646143 0.064233
28.777617 0.000000043084 0.646421 0.062683
28.852951 0.000000042972 0.647811 0.062230
28.928285 0.000000042860 0.647463 0.061433
29.003620 0.000000042748 0.647475 0.057238
29.078954 0.000000042638 0.652209 0.053954
29.154288 0.000000042528 0.655203 0.054569
29.229622 0.000000042418 0.656653 0.053077
29.304956 0.000000042309 0.659721 0.053510
29.380290 0.000000042200 0.657225 0.053434
29.455624 0.000000042092 0.657509 0.046794
29.530958 0.000000041985 0.663058 0.041749
29.606292 0.000000041878 0.669529 0.040984
29.681626 0.000000041772 0.673213 0.041851
29.756960 0.000000041666 0.676137 0.041406
29.832294 0.000000041561 0.679249 0.041291
29.907628 0.000000041456 0.682697 0.041207
29.982963 0.000000041352 0.685010 0.041979
30.058297 0.000000041248 0.687804 0.041510
30.133631 0.000000041145 0.691095 0.042578
30.208965 0.000000041043 0.693407 0.044423
30.284299 0.000000040941 0.693574 0.047027
30.359633 0.000000040839 0.692237 0.046970
30.434967 0.000000040738 0.691347 0.045432
30.510301 0.000000040637 0.691818 0.042410
30.585635 0.000000040537 0.694528 0.039217
30.660969 0.000000040438 0.698056 0.038171
30.736303 0.000000040339 0.701331 0.038438
30.811637 0.000000040240 0.701968 0.038793
30.886971 0.000000040142 0.704120 0.037015
30.962306 0.000000040044 0.706839 0.036951
31.037640 0.000000039947 0.708624 0.037402
31.112974 0.000000039850 0.709636 0.037194
31.188308 0.000000039754 0.710629 0.036474
31.263642 0.000000039658 0.712294 0.034874
31.338976 0.000000039563 0.715103 0.034000
31.414310 0.000000039468 0.717432 0.034402
31.489644 0.000000039374 0.718780 0.034671
31.564978 0.000000039280 0.719841 0.034131
31.640312 0.000000039186 0.721428 0.033469
31.715646 0.000000039093 0.723080 0.032848
31.790980 0.000000039000 0.724693 0.032000
31.866314 0.000000038908 0.727653 0.031353
31.941648 0.000000038816 0.729904 0.032770
32.016983 0.000000038725 0.729749 0.033171
32.092317 0.000000038634 0.731381 0.031882
32.167651 0.000000038544 0.733320 0.032298
32.242985 0.000000038454 0.734434 0.033269
32.318319 0.000000038364 0.733229 0.033737
32.393653 0.000000038275 0.732778 0.031036
32.468987 0.000000038186 0.734240 0.028469
32.544321 0.000000038098 0.737003 0.025994
32.619655 0.000000038010 0.740777 0.025206
32.694989 0.000000037922 0.743557 0.025960
32.770323 0.000000037835 0.745542 0.026343
32.845657 0.000000037748 0.747062 0.027125
32.920991 0.000000037662 0.748181 0.026778
32.996326 0.000000037576 0.750707 0.027156
33.071660 0.000000037490 0.751641 0.029271
33.146994 0.000000037405 0.750207 0.029536
33.222328 0.000000037320 0.750319 0.027193
33.297662 0.000000037236 0.752894 0.025985
33.372996 0.000000037152 0.754522 0.026931
33.448330 0.000000037068 0.754515 0.027077
33.523664 0.000000036985 0.754513 0.026545
33.598998 0.000000036902 0.754193 0.024701
33.674332 0.000000036819 0.755781 0.021991
33.749666 0.000000036737 0.758449 0.020496
33.825000 0.000000036655 0.760942 0.019856
33.900334 0.000000036574 0.762958 0.019489
33.975669 0.000000036493 0.765371 0.018993
34.051003 0.000000036412 0.767666 0.019460
34.126337 0.000000036331 0.769116 0.020177
34.201671 0.000000036251 0.769743 0.020389
34.277005 0.000000036172 0.770760 0.019572
34.352339 0.000000036092 0.772442 0.018875
34.427673 0.000000036013 0.774421 0.018649
34.503007 0.000000035935 0.776339 0.018651
34.578341 0.000000035857 0.778446 0.019155
34.653675 0.000000035779 0.779457 0.020497
34.729009 0.000000035701 0.779667 0.020625
34.804343 0.000000035624 0.780478 0.020299
34.879677 0.000000035547 0.781411 0.020108
34.955012 0.000000035470 0.782249 0.019998
35.030346 0.000000035394 0.782756 0.019213
35.105680 0.000000035318 0.784466 0.017984
35.181014 0.000000035242 0.786920 0.017831
35.256348 0.000000035167 0.788619 0.018886
35.331682 0.000000035092 0.788970 0.019209
35.407016 0.000000035017 0.790350 0.018581
35.482350 0.000000034943 0.792298 0.019386
35.557684 0.000000034869 0.792585 0.020682
35.633018 0.000000034795 0.792142 0.020498
35.708352 0.000000034722 0.792534 0.019542
35.783686 0.000000034649 0.793432 0.018424
35.859020 0.000000034576 0.795350 0.017354
35.934355 0.000000034503 0.797630 0.017319
36.009689 0.000000034431 0.799708 0.018163
36.085023 0.000000034359 0.800707 0.019527
36.160357 0.000000034288 0.801022 0.020256
36.235691 0.000000034217 0.801329 0.020737
36.311025 0.000000034146 0.801457 0.020640
36.386359 0.000000034075 0.802160 0.020501
36.461693 0.000000034004 0.803003 0.020529
36.537027 0.000000033934 0.803736 0.021507
36.612361 0.000000033864 0.802673 0.022094
36.687695 0.000000033795 0.801955 0.020837
36.763029 0.000000033726 0.802285 0.019593
36.838363 0.000000033657 0.802681 0.018400
36.913698 0.000000033588 0.803625 0.016705
36.989032 0.000000033520 0.805457 0.015634
37.064366 0.000000033452 0.807062 0.015102
37.139700 0.000000033384 0.808769 0.014900
37.215034 0.000000033316 0.810331 0.014751
37.290368 0.000000033249 0.811915 0.015367
37.365702 0.000000033182 0.812600 0.015819
37.441036 0.000000033115 0.813304 0.016054
37.516370 0.000000033048 0.813913 0.016179
37.591704 0.000000032982 0.814168 0.016283
37.667038 0.000000032916 0.814425 0.015670
37.742372 0.000000032851 0.815416 0.014853
37.817706 0.000000032785 0.816636 0.014583
37.893041 0.000000032720 0.817824 0.014512
37.968375 0.000000032655 0.818741 0.014705
38.043709 0.000000032590 0.819605 0.014782
38.119043 0.000000032526 0.820289 0.015203
38.194377 0.000000032462 0.820325 0.015232
38.269711 0.000000032398 0.820585 0.014863
38.345045 0.000000032334 0.820849 0.014149
38.420379 0.000000032271 0.821731 0.013294
38.495713 0.000000032208 0.822666 0.012719
38.571047 0.000000032145 0.823813 0.012119
38.646381 0.000000032082 0.825002 0.011830
38.721715 0.000000032020 0.826154 0.011349
38.797049 0.000000031958 0.827882 0.011243
38.872384 0.000000031896 0.829239 0.011915
38.947718 0.000000031834 0.829751 0.012610
39.023052 0.000000031772 0.829905 0.012583
39.098386 0.000000031711 0.830706 0.012080
39.173720 0.000000031650 0.831751 0.012238
39.249054 0.000000031590 0.832181 0.012334
39.324388 0.000000031529 0.832858 0.012005
39.399722 0.000000031469 0.833826 0.011771
39.475056 0.000000031409 0.834957 0.011899
39.550390 0.000000031349 0.835696 0.012304
39.625724 0.000000031289 0.836325 0.012613
39.701058 0.000000031230 0.836479 0.012925
39.776392 0.000000031171 0.836783 0.012674
39.851727 0.000000031112 0.837134 0.012663
39.927061 0.000000031053 0.837224 0.012175
40.002395 0.000000030995 0.837994 0.011327
40.077729 0.000000030936 0.839029 0.011054
40.153063 0.000000030878 0.840000 0.010639
40.228397 0.000000030820 0.841455 0.010651
40.303731 0.000000030763 0.842530 0.011403
40.379065 0.000000030705 0.842753 0.012108
40.454399 0.000000030648 0.842621 0.012292
40.529733 0.000000030591 0.842766 0.011745
40.605067 0.000000030535 0.843405 0.011303
40.680401 0.000000030478 0.844418 0.011225
40.755735 0.000000030422 0.844913 0.011768
40.831070 0.000000030366 0.844738 0.011780
40.906404 0.000000030310 0.844890 0.011259
40.981738 0.000000030254 0.845299 0.010797
41.057072 0.000000030198 0.845711 0.010324
41.132406 0.000000030143 0.846302 0.009667
41.207740 0.000000030088 0.847156 0.009136
41.283074 0.000000030033 0.848111 0.008891
41.358408 0.000000029978 0.848912 0.008753
41.433742 0.000000029924 0.849599 0.008729
41.509076 0.000000029870 0.850123 0.008459
41.584410 0.000000029815 0.850858 0.008211
41.659744 0.000000029762 0.851479 0.007977
41.735078 0.000000029708 0.852233 0.007570
41.810413 0.000000029654 0.853248 0.007245
41.885747 0.000000029601 0.854393 0.007285
41.961081 0.000000029548 0.855178 0.007730
42.036415 0.000000029495 0.855378 0.007771
42.111749 0.000000029442 0.856011 0.007374
42.187083 0.000000029390 0.856908 0.007132
42.262417 0.000000029337 0.858012 0.007203
42.337751 0.000000029285 0.858805 0.007710
42.413085 0.000000029233 0.859078 0.008132
42.488419 0.000000029181 0.859214 0.007957
42.563753 0.000000029129 0.859882 0.007684
42.639087 0.000000029078 0.860670 0.007828
42.714421 0.000000029027 0.860964 0.008153
42.789756 0.000000028976 0.861016 0.007883
42.865090 0.000000028925 0.861799 0.007373
42.940424 0.000000028874 0.862685 0.007619
43.015758 0.000000028823 0.862978 0.007981
43.091092 0.000000028773 0.862879 0.007810
43.166426 0.000000028723 0.863218 0.007200
43.241760 0.000000028673 0.864040 0.006619
43.317094 0.000000028623 0.865071 0.006511
43.392428 0.000000028573 0.865793 0.006702
43.467762 0.000000028524 0.866400 0.006694
43.543096 0.000000028474 0.866994 0.006766
43.618430 0.000000028425 0.867665 0.006852
43.693764 0.000000028376 0.867979 0.007060
43.769099 0.000000028327 0.868472 0.006800
43.844433 0.000000028279 0.869201 0.006877
43.919767 0.000000028230 0.869754 0.007087
43.995101 0.000000028182 0.870163 0.007378
44.070435 0.000000028134 0.870212 0.007484
44.145769 0.000000028086 0.870490 0.007289
44.221103 0.000000028038 0.870828 0.007083
44.296437 0.000000027990 0.871350 0.006914
44.371771 0.000000027943 0.871895 0.006857
44.447105 0.000000027895 0.872345 0.007024
44.522439 0.000000027848 0.872418 0.006949
44.597773 0.000000027801 0.872891 0.006605
44.673107 0.000000027754 0.873442 0.006589
44.748442 0.000000027707 0.873716 0.006666
44.823776 0.000000027661 0.873791 0.006420
44.899110 0.000000027614 0.874227 0.005810
44.974444 0.000000027568 0.875096 0.005571
45.049778 0.000000027522 0.875639 0.005702
45.125112 0.000000027476 0.875956 0.005515
45.200446 0.000000027430 0.876506 0.005219
45.275780 0.000000027385 0.877271 0.005060
45.351114 0.000000027339 0.877865 0.005230
45.426448 0.000000027294 0.878231 0.005127
45.501782 0.000000027249 0.878859 0.005023
45.577116 0.000000027204 0.879411 0.005064
45.652450 0.000000027159 0.879954 0.005119
45.727785 0.000000027114 0.880347 0.005225
45.803119 0.000000027069 0.880742 0.005177
45.878453 0.000000027025 0.881160 0.005204
45.953787 0.000000026981 0.881550 0.005195
46.029121 0.000000026936 0.881846 0.005169
46.104455 0.000000026892 0.882192 0.004927
46.179789 0.000000026849 0.882819 0.004743
46.255123 0.000000026805 0.883415 0.004896
46.330457 0.000000026761 0.883622 0.004949
46.405791 0.000000026718 0.884031 0.004702
46.481125 0.000000026674 0.884625 0.004614
46.556459 0.000000026631 0.885207 0.004653
46.631793 0.000000026588 0.885683 0.004822
46.707128 0.000000026545 0.886065 0.004990
46.782462 0.000000026503 0.886241 0.005182
46.857796 0.000000026460 0.886191 0.005094
46.933130 0.000000026418 0.886480 0.004527
47.008464 0.000000026375 0.887231 0.004276
47.083798 0.000000026333 0.887887 0.004365
47.159132 0.000000026291 0.888350 0.004494
47.234466 0.000000026249 0.888753 0.004697
47.309800 0.000000026207 0.888820 0.004810
47.385134 0.000000026166 0.889104 0.004570
47.460468 0.000000026124 0.889402 0.004607
47.535802 0.000000026083 0.889609 0.004302
47.611136 0.000000026041 0.890102 0.004074
47.686471 0.000000026000 0.890634 0.003938
47.761805 0.000000025959 0.891141 0.003953
47.837139 0.000000025918 0.891591 0.003929
47.912473 0.000000025878 0.892004 0.003996
47.987807 0.000000025837 0.892391 0.004029
48.063141 0.000000025796 0.892580 0.004087
48.138475 0.000000025756 0.892850 0.003791
48.213809 0.000000025716 0.893524 0.003665
48.289143 0.000000025676 0.893914 0.003899
48.364477 0.000000025636 0.894107 0.003826
48.439811 0.000000025596 0.894546 0.003719
48.515145 0.000000025556 0.894927 0.003768
48.590479 0.000000025517 0.895169 0.003745
48.665814 0.000000025477 0.895523 0.003629
48.741148 0.000000025438 0.895828 0.003553
48.816482 0.000000025398 0.896236 0.003371
48.891816 0.000000025359 0.896702 0.003307
48.967150 0.000000025320 0.897182 0.003244
49.042484 0.000000025281 0.897669 0.003341
49.117818 0.000000025243 0.897960 0.003401
49.193152 0.000000025204 0.898433 0.003356
49.268486 0.000000025165 0.898791 0.003618
49.343820 0.000000025127 0.898933 0.003672
49.419154 0.000000025089 0.899132 0.003669
49.494488 0.000000025050 0.899290 0.003664
49.569822 0.000000025012 0.899294 0.003383
49.645157 0.000000024974 0.899732 0.002928
49.720491 0.000000024937 0.900357 0.002752
49.795825 0.000000024899 0.900882 0.002691
49.871159 0.000000024861 0.901498 0.002663
49.946493 0.000000024824 0.902078 0.002886
50.021827 0.000000024786 0.902431 0.003179
50.097161 0.000000024749 0.902607 0.003422
50.172495 0.000000024712 0.902632 0.003516
50.247829 0.000000024675 0.902648 0.003401
50.323163 0.000000024638 0.902810 0.003014
50.398497 0.000000024601 0.903354 0.002697
50.473831 0.000000024564 0.903947 0.002661
50.549165 0.000000024528 0.904478 0.002752
50.624500 0.000000024491 0.904899 0.003025
50.699834 0.000000024455 0.904984 0.003242
50.775168 0.000000024419 0.905029 0.003195
50.850502 0.000000024382 0.905200 0.002966
50.925836 0.000000024346 0.905567 0.002739
51.001170 0.000000024310 0.906004 0.002660
51.076504 0.000000024275 0.906389 0.002567
51.151838 0.000000024239 0.906875 0.002566
51.227172 0.000000024203 0.907292 0.002636
51.302506 0.000000024168 0.907680 0.002736
51.377840 0.000000024132 0.907999 0.002941
51.453174 0.000000024097 0.908146 0.003075
51.528508 0.000000024062 0.908252 0.003125
51.603843 0.000000024026 0.908324 0.002977
51.679177 0.000000023991 0.908618 0.002738
51.754511 0.000000023957 0.909052 0.002681
51.829845 0.000000023922 0.909304 0.002680
51.905179 0.000000023887 0.909621 0.002544
51.980513 0.000000023852 0.910011 0.002467
52.055847 0.000000023818 0.910480 0.002417
52.131181 0.000000023783 0.910980 0.002577
52.206515 0.000000023749 0.911186 0.002885
52.281849 0.000000023715 0.911203 0.002853
52.357183 0.000000023681 0.911440 0.002662
52.432517 0.000000023647 0.911972 0.002507
52.507851 0.000000023613 0.912531 0.002837
52.583185 0.000000023579 0.912549 0.003183
52.658520 0.000000023545 0.912528 0.003204
52.733854 0.000000023512 0.912594 0.003056
52.809188 0.000000023478 0.912808 0.002903
52.884522 0.000000023445 0.913057 0.002715
52.959856 0.000000023411 0.913493 0.002588
53.035190 0.000000023378 0.913968 0.002677
53.110524 0.000000023345 0.914171 0.002934
53.185858 0.000000023312 0.914208 0.002939
53.261192 0.000000023279 0.914336 0.002786
53.336526 0.000000023246 0.914645 0.002599
53.411860 0.000000023213 0.915139 0.002493
53.487194 0.000000023180 0.915603 0.002772
53.562528 0.000000023148 0.915669 0.003092
53.637863 0.000000023115 0.915552 0.003054
53.713197 0.000000023083 0.915688 0.002878
53.788531 0.000000023051 0.915876 0.002689
53.863865 0.000000023018 0.916216 0.002586
53.939199 0.000000022986 0.916487 0.002560
54.014533 0.000000022954 0.916781 0.002563
54.089867 0.000000022922 0.916916 0.002660
54.165201 0.000000022890 0.916919 0.002495
54.240535 0.000000022859 0.917177 0.002179
54.315869 0.000000022827 0.917618 0.001972
54.391203 0.000000022795 0.918068 0.001953
54.466537 0.000000022764 0.918422 0.001962
54.541871 0.000000022732 0.918795 0.001987
54.617206 0.000000022701 0.919120 0.002018
54.692540 0.000000022670 0.919511 0.002073
54.767874 0.000000022638 0.919891 0.002259
54.843208 0.000000022607 0.920094 0.002519
54.918542 0.000000022576 0.920202 0.002698
54.993876 0.000000022545 0.920212 0.002811
55.069210 0.000000022515 0.920272 0.002766
55.144544 0.000000022484 0.920337 0.002792
55.219878 0.000000022453 0.920324 0.002641
55.295212 0.000000022423 0.920526 0.002429
55.370546 0.000000022392 0.920709 0.002259
55.445880 0.000000022362 0.921068 0.002039
55.521214 0.000000022331 0.921510 0.002029
55.596549 0.000000022301 0.921838 0.002188
55.671883 0.000000022271 0.921930 0.002328
55.747217 0.000000022241 0.921927 0.002276
55.822551 0.000000022211 0.922123 0.001975
55.897885 0.000000022181 0.922589 0.001879
55.973219 0.000000022151 0.922894 0.002056
56.048553 0.000000022121 0.922988 0.002060
56.123887 0.000000022091 0.923192 0.001983
56.199221 0.000000022062 0.923456 0.001907
56.274555 0.000000022032 0.923772 0.001912
56.349889 0.000000022003 0.924043 0.001986
56.425223 0.000000021973 0.924217 0.002079
56.500557 0.000000021944 0.924380 0.002144
56.575892 0.000000021915 0.924408 0.002138
56.651226 0.000000021886 0.924620 0.002009
56.726560 0.000000021857 0.924809 0.002033
56.801894 0.000000021828 0.924906 0.001947
56.877228 0.000000021799 0.925166 0.001807
56.952562 0.000000021770 0.925453 0.001803
57.027896 0.000000021741 0.925658 0.001838
57.103230 0.000000021713 0.925811 0.001860
57.178564 0.000000021684 0.925903 0.001785
57.253898 0.000000021655 0.926142 0.001624
57.329232 0.000000021627 0.926416 0.001647
57.404566 0.000000021599 0.926527 0.001576
57.479900 0.000000021570 0.926792 0.001405
57.555235 0.000000021542 0.927186 0.001335
57.630569 0.000000021514 0.927543 0.001467
57.705903 0.000000021486 0.927695 0.001579
57.781237 0.000000021458 0.927867 0.001615
57.856571 0.000000021430 0.928021 0.001617
57.931905 0.000000021402 0.928229 0.001624
58.007239 0.000000021374 0.928411 0.001684
58.082573 0.000000021346 0.928494 0.001764
58.157907 0.000000021319 0.928506 0.001690
58.233241 0.000000021291 0.928643 0.001534
58.308575 0.000000021264 0.928823 0.001356
58.383909 0.000000021236 0.929192 0.001220
58.459243 0.000000021209 0.929512 0.001308
58.534578 0.000000021182 0.929663 0.001349
58.609912 0.000000021154 0.929865 0.001335
58.685246 0.000000021127 0.930038 0.001293
58.760580 0.000000021100 0.930325 0.001264
58.835914 0.000000021073 0.930595 0.001351
58.911248 0.000000021046 0.930778 0.001526
58.986582 0.000000021019 0.930731 0.001634
59.061916 0.000000020993 0.930744 0.001471
59.137250 0.000000020966 0.930951 0.001359
59.212584 0.000000020939 0.931136 0.001305
59.287918 0.000000020913 0.931348 0.001285
59.363252 0.000000020886 0.931490 0.001321
59.438586 0.000000020860 0.931563 0.001273
59.513921 0.000000020833 0.931699 0.001169
59.589255 0.000000020807 0.931871 0.001070
59.664589 0.000000020780 0.932038 0.000990
59.739923 0.000000020754 0.932254 0.000886
59.815257 0.000000020728 0.932457 0.000830
59.890591 0.000000020702 0.932674 0.000757
59.965925 0.000000020676 0.932890 0.000697
60.041259 0.000000020650 0.933134 0.000639
60.116593 0.000000020624 0.933380 0.000621
60.191927 0.000000020598 0.933619 0.000626
60.267261 0.000000020573 0.933815 0.000673
60.342595 0.000000020547 0.933941 0.000661
60.417929 0.000000020521 0.934136 0.000589
60.493264 0.000000020496 0.934381 0.000596
60.568598 0.000000020470 0.934524 0.000663
60.643932 0.000000020445 0.934594 0.000603
60.719266 0.000000020420 0.934777 0.000474
60.794600 0.000000020394 0.935020 0.000411
60.869934 0.000000020369 0.935243 0.000379
60.945268 0.000000020344 0.935470 0.000357
61.020602 0.000000020319 0.935685 0.000356
61.095936 0.000000020294 0.935883 0.000352
61.171270 0.000000020269 0.936075 0.000345
61.246604 0.000000020244 0.936275 0.000325
61.321938 0.000000020219 0.936490 0.000322
61.397272 0.000000020194 0.936694 0.000338
61.472607 0.000000020169 0.936892 0.000359
61.547941 0.000000020145 0.937070 0.000402
61.623275 0.000000020120 0.937207 0.000437
61.698609 0.000000020095 0.937322 0.000425
61.773943 0.000000020071 0.937470 0.000372
61.849277 0.000000020046 0.937666 0.000332
61.924611 0.000000020022 0.937863 0.000336
61.999945 0.000000019998 0.938018 0.000346
62.075279 0.000000019973 0.938172 0.000323
62.150613 0.000000019949 0.938348 0.000297
62.225947 0.000000019925 0.938528 0.000285
62.301281 0.000000019901 0.938703 0.000274
62.376615 0.000000019877 0.938885 0.000269
62.451950 0.000000019853 0.939052 0.000277
62.527284 0.000000019829 0.939204 0.000268
62.602618 0.000000019805 0.939371 0.000248
62.677952 0.000000019781 0.939545 0.000236
62.753286 0.000000019758 0.939718 0.000229
62.828620 0.000000019734 0.939889 0.000225
62.903954 0.000000019710 0.940057 0.000222
62.979288 0.000000019687 0.940223 0.000220
63.054622 0.000000019663 0.940388 0.000218
63.129956 0.000000019640 0.940551 0.000216
63.205290 0.000000019616 0.940713 0.000215
63.280624 0.000000019593 0.940874 0.000213
63.355958 0.000000019570 0.941034 0.000212
63.431293 0.000000019546 0.941193 0.000210
63.506627 0.000000019523 0.941351 0.000209
63.581961 0.000000019500 0.941508 0.000208
63.657295 0.000000019477 0.941664 0.000207
63.732629 0.000000019454 0.941819 0.000205
63.807963 0.000000019431 0.941973 0.000204
63.883297 0.000000019408 0.942127 0.000203
63.958631 0.000000019385 0.942280 0.000202
64.033965 0.000000019363 0.942431 0.000201
64.109299 0.000000019340 0.942582 0.000200
64.184633 0.000000019317 0.942733 0.000199
64.259967 0.000000019294 0.942882 0.000198
64.335301 0.000000019272 0.943031 0.000197
64.410636 0.000000019249 0.943179 0.000196
64.485970 0.000000019227 0.943327 0.000195
64.561304 0.000000019204 0.943473 0.000194
64.636638 0.000000019182 0.943619 0.000193
64.711972 0.000000019160 0.943765 0.000192
64.787306 0.000000019137 0.943909 0.000192
64.862640 0.000000019115 0.944053 0.000191
64.937974 0.000000019093 0.944196 0.000190
65.013308 0.000000019071 0.944339 0.000189
65.088642 0.000000019049 0.944481 0.000188
65.163976 0.000000019027 0.944623 0.000187
65.239310 0.000000019005 0.944763 0.000186
65.314644 0.000000018983 0.944903 0.000186
65.389979 0.000000018961 0.945043 0.000185
65.465313 0.000000018939 0.945182 0.000184
65.540647 0.000000018917 0.945320 0.000183
65.615981 0.000000018896 0.945457 0.000182
65.691315 0.000000018874 0.945594 0.000182
65.766649 0.000000018852 0.945731 0.000181
65.841983 0.000000018831 0.945867 0.000180
65.917317 0.000000018809 0.946002 0.000179
65.992651 0.000000018788 0.946137 0.000178
66.067985 0.000000018766 0.946271 0.000178
66.143319 0.000000018745 0.946405 0.000177
66.218653 0.000000018724 0.946538 0.000176
66.293987 0.000000018702 0.946670 0.000175
66.369322 0.000000018681 0.946802 0.000175
66.444656 0.000000018660 0.946933 0.000174
66.519990 0.000000018639 0.947064 0.000173
66.595324 0.000000018618 0.947194 0.000173
66.670658 0.000000018597 0.947324 0.000172
66.745992 0.000000018576 0.947454 0.000171
66.821326 0.000000018555 0.947582 0.000171
66.896660 0.000000018534 0.947711 0.000170
66.971994 0.000000018513 0.947838 0.000169
67.047328 0.000000018492 0.947965 0.000168
67.122662 0.000000018472 0.948092 0.000168
67.197996 0.000000018451 0.948218 0.000167
67.273330 0.000000018430 0.948344 0.000166
67.348665 0.000000018410 0.948469 0.000166
67.423999 0.000000018389 0.948594 0.000165
67.499333 0.000000018368 0.948718 0.000164
67.574667 0.000000018348 0.948841 0.000164
67.650001 0.000000018328 0.948965 0.000163
67.725335 0.000000018307 0.949087 0.000163
67.800669 0.000000018287 0.949209 0.000162
67.876003 0.000000018267 0.949331 0.000161
67.951337 0.000000018246 0.949453 0.000161
68.026671 0.000000018226 0.949573 0.000160
68.102005 0.000000018206 0.949694 0.000159
68.177339 0.000000018186 0.949814 0.000159
68.252673 0.000000018166 0.949933 0.000158
68.328008 0.000000018146 0.950052 0.000158
68.403342 0.000000018126 0.950170 0.000157
68.478676 0.000000018106 0.950288 0.000156
68.554010 0.000000018086 0.950406 0.000156
68.629344 0.000000018066 0.950523 0.000155
68.704678 0.000000018046 0.950640 0.000155
68.780012 0.000000018026 0.950756 0.000154
68.855346 0.000000018007 0.950872 0.000153
68.930680 0.000000017987 0.950987 0.000153
69.006014 0.000000017967 0.951102 0.000152
69.081348 0.000000017948 0.951217 0.000152
69.156682 0.000000017928 0.951331 0.000151
69.232016 0.000000017909 0.951445 0.000151
69.307351 0.000000017889 0.951558 0.000150
69.382685 0.000000017870 0.951671 0.000149
69.458019 0.000000017850 0.951783 0.000149
69.533353 0.000000017831 0.951895 0.000148
69.608687 0.000000017812 0.952007 0.000148
69.684021 0.000000017793 0.952118 0.000147
69.759355 0.000000017773 0.952228 0.000147
69.834689 0.000000017754 0.952339 0.000146
69.910023 0.000000017735 0.952449 0.000146
69.985357 0.000000017716 0.952558 0.000145
70.060691 0.000000017697 0.952667 0.000145
70.136025 0.000000017678 0.952776 0.000144
70.211359 0.000000017659 0.952885 0.000144
70.286694 0.000000017640 0.952993 0.000143
70.362028 0.000000017621 0.953100 0.000143
70.437362 0.000000017602 0.953207 0.000142
70.512696 0.000000017583 0.953314 0.000141
70.588030 0.000000017565 0.953420 0.000141
70.663364 0.000000017546 0.953526 0.000140
70.738698 0.000000017527 0.953632 0.000140
70.814032 0.000000017509 0.953737 0.000139
70.889366 0.000000017490 0.953842 0.000139
70.964700 0.000000017471 0.953947 0.000138
71.040034 0.000000017453 0.954051 0.000138
71.115368 0.000000017434 0.954155 0.000137
71.190702 0.000000017416 0.954258 0.000137
71.266037 0.000000017398 0.954361 0.000137
71.341371 0.000000017379 0.954464 0.000136
71.416705 0.000000017361 0.954566 0.000136
71.492039 0.000000017343 0.954668 0.000135
71.567373 0.000000017324 0.954770 0.000135
71.642707 0.000000017306 0.954871 0.000134
71.718041 0.000000017288 0.954972 0.000134
71.793375 0.000000017270 0.955072 0.000133
71.868709 0.000000017252 0.955172 0.000133
71.944043 0.000000017234 0.955272 0.000132
72.019377 0.000000017216 0.955372 0.000132
72.094711 0.000000017198 0.955471 0.000131
72.170045 0.000000017180 0.955570 0.000131
72.245380 0.000000017162 0.955668 0.000130
72.320714 0.000000017144 0.955766 0.000130
72.396048 0.000000017126 0.955864 0.000130
72.471382 0.000000017108 0.955961 0.000129
72.546716 0.000000017090 0.956058 0.000129
72.622050 0.000000017073 0.956155 0.000128
72.697384 0.000000017055 0.956251 0.000128
72.772718 0.000000017037 0.956348 0.000127
72.848052 0.000000017020 0.956443 0.000127
72.923386 0.000000017002 0.956539 0.000126
72.998720 0.000000016985 0.956634 0.000126
73.074054 0.000000016967 0.956729 0.000126
73.149388 0.000000016950 0.956823 0.000125
73.224722 0.000000016932 0.956917 0.000125
73.300057 0.000000016915 0.957011 0.000124
73.375391 0.000000016897 0.957104 0.000124
73.450725 0.000000016880 0.957198 0.000123
73.526059 0.000000016863 0.957290 0.000123
73.601393 0.000000016846 0.957383 0.000123
73.676727 0.000000016828 0.957475 0.000122
73.752061 0.000000016811 0.957567 0.000122
73.827395 0.000000016794 0.957658 0.000121
73.902729 0.000000016777 0.957750 0.000121
73.978063 0.000000016760 0.957841 0.000121
74.053397 0.000000016743 0.957932 0.000120
74.128731 0.000000016726 0.958022 0.000120
74.204065 0.000000016709 0.958112 0.000119
74.279400 0.000000016692 0.958202 0.000119
74.354734 0.000000016675 0.958291 0.000119
74.430068 0.000000016658 0.958381 0.000118
74.505402 0.000000016641 0.958469 0.000118
74.580736 0.000000016624 0.958558 0.000117
74.656070 0.000000016608 0.958646 0.000117
74.731404 0.000000016591 0.958734 0.000117
74.806738 0.000000016574 0.958822 0.000116
74.882072 0.000000016557 0.958909 0.000116
74.957406 0.000000016541 0.958997 0.000115
75.032740 0.000000016524 0.959084 0.000115
75.108074 0.000000016508 0.959170 0.000115
75.183408 0.000000016491 0.959256 0.000114
75.258743 0.000000016475 0.959342 0.000114
