0.063452 0.000019540112 2.260351 0.000000
0.126904 0.000009770056 2.260693 0.000359
0.190356 0.000006513371 2.261263 0.000720
0.253808 0.000004885028 2.262064 0.001084
0.317260 0.000003908022 2.263102 0.001453
0.380712 0.000003256685 2.264375 0.001829
0.444164 0.000002791445 2.265899 0.002212
0.507615 0.000002442519 2.267673 0.002606
0.571067 0.000002171127 2.269708 0.003013
0.634519 0.000001954014 2.272015 0.003434
0.697971 0.000001776376 2.274607 0.003873
0.761423 0.000001628345 2.277496 0.004333
0.824875 0.000001503087 2.280700 0.004818
0.888327 0.000001395724 2.284233 0.005331
0.951779 0.000001302676 2.288122 0.005878
1.015231 0.000001221258 2.292395 0.006465
1.078683 0.000001149419 2.297088 0.007100
1.142135 0.000001085563 2.302226 0.007790
1.205587 0.000001028428 2.307865 0.008548
1.269039 0.000000977006 2.314055 0.009386
1.332491 0.000000930482 2.320866 0.010323
1.395942 0.000000888188 2.328369 0.011382
1.459394 0.000000849571 2.336678 0.012592
1.522846 0.000000814172 2.345919 0.013994
1.586298 0.000000781605 2.356249 0.015642
1.649750 0.000000751544 2.367889 0.017614
1.713202 0.000000723709 2.381121 0.020023
1.776654 0.000000697862 2.396343 0.023037
1.840106 0.000000673798 2.414091 0.026922
1.903558 0.000000651338 2.435130 0.032117
1.967010 0.000000630327 2.460517 0.039396
2.030462 0.000000610629 2.491473 0.050239
2.093914 0.000000592125 2.527847 0.067722
2.157366 0.000000574710 2.561547 0.098383
2.220818 0.000000558289 2.571371 0.152279
2.284270 0.000000542781 2.539943 0.229588
2.347721 0.000000528112 2.476100 0.308832
2.411173 0.000000514214 2.421602 0.354190
2.474625 0.000000501029 2.386906 0.361420
2.538077 0.000000488503 2.368233 0.358044
2.601529 0.000000476589 2.346650 0.357631
2.664981 0.000000465241 2.303379 0.374256
2.728433 0.000000454422 2.257056 0.383072
2.791885 0.000000444094 2.227856 0.367945
2.855337 0.000000434225 2.237507 0.326209
2.918789 0.000000424785 2.260850 0.286410
2.982241 0.000000415747 2.281734 0.274309
3.045693 0.000000407086 2.291473 0.282070
3.109145 0.000000398778 2.267685 0.311049
3.172597 0.000000390803 2.210714 0.350505
3.236048 0.000000383140 2.163710 0.360496
3.299500 0.000000375772 2.144797 0.329150
3.362952 0.000000368682 2.144444 0.286172
3.426404 0.000000361854 2.157414 0.246485
3.489856 0.000000355275 2.175986 0.215272
3.553308 0.000000348931 2.192912 0.196144
3.616760 0.000000342809 2.201760 0.188171
3.680212 0.000000336899 2.202761 0.185881
3.743664 0.000000331189 2.202115 0.180696
3.807116 0.000000325669 2.206773 0.167371
3.870568 0.000000320330 2.220519 0.147719
3.934020 0.000000315163 2.244695 0.125586
3.997472 0.000000310161 2.269903 0.109560
4.060924 0.000000305315 2.286947 0.105655
4.124375 0.000000300617 2.295673 0.108364
4.187827 0.000000296063 2.305151 0.107120
4.251279 0.000000291644 2.320188 0.098033
4.314731 0.000000287355 2.341755 0.085536
4.378183 0.000000283190 2.367488 0.073624
4.441635 0.000000279145 2.393507 0.066277
4.505087 0.000000275213 2.419150 0.062984
4.568539 0.000000271391 2.445870 0.061229
4.631991 0.000000267673 2.474186 0.060253
4.695443 0.000000264056 2.504054 0.060791
4.758895 0.000000260535 2.535379 0.063285
4.822347 0.000000257107 2.567936 0.068123
4.885799 0.000000253768 2.600790 0.075932
4.949251 0.000000250515 2.631981 0.087262
5.012703 0.000000247343 2.661586 0.101612
5.076154 0.000000244252 2.696177 0.114823
5.139606 0.000000241236 2.737832 0.126673
5.203058 0.000000238294 2.781202 0.144718
5.266510 0.000000235423 2.816176 0.175099
5.329962 0.000000232621 2.829658 0.219523
5.393414 0.000000229884 2.832646 0.266005
5.456866 0.000000227211 2.848840 0.291584
5.520318 0.000000224599 2.887089 0.300667
5.583770 0.000000222047 2.945903 0.308002
5.647222 0.000000219552 3.007364 0.333428
5.710674 0.000000217113 3.057900 0.387565
5.774126 0.000000214727 3.087233 0.466828
5.837578 0.000000212393 3.072332 0.570009
5.901030 0.000000210109 2.986987 0.691780
5.964481 0.000000207874 2.897428 0.782823
6.027933 0.000000205686 2.890258 0.776326
6.091385 0.000000203543 2.924545 0.735408
6.154837 0.000000201445 2.975095 0.730069
6.218289 0.000000199389 3.052374 0.743260
6.281741 0.000000197375 3.104589 0.799337
6.345193 0.000000195401 3.097914 0.920652
6.408645 0.000000193467 3.034661 1.065063
6.472097 0.000000191570 2.893385 1.211777
6.535549 0.000000189710 2.746021 1.316914
6.599001 0.000000187886 2.684908 1.311030
6.662453 0.000000186097 2.655831 1.265489
6.725905 0.000000184341 2.614718 1.260379
6.789357 0.000000182618 2.586734 1.258429
6.852809 0.000000180927 2.557945 1.251305
6.916260 0.000000179267 2.529347 1.252975
6.979712 0.000000177638 2.507932 1.245099
7.043164 0.000000176037 2.505848 1.232151
7.106616 0.000000174465 2.516894 1.213858
7.170068 0.000000172922 2.519191 1.217000
7.233520 0.000000171405 2.537638 1.225550
7.296972 0.000000169914 2.549113 1.237222
7.360424 0.000000168449 2.524937 1.283594
7.423876 0.000000167010 2.527412 1.319418
7.487328 0.000000165594 2.555806 1.328450
7.550780 0.000000164203 2.514166 1.390787
7.614232 0.000000162834 2.437583 1.488635
7.677684 0.000000161489 2.384417 1.527844
7.741136 0.000000160165 2.325817 1.552915
7.804587 0.000000158863 2.275832 1.572121
7.868039 0.000000157582 2.210413 1.588472
7.931491 0.000000156321 2.159670 1.601502
7.994943 0.000000155080 2.144038 1.584762
8.058395 0.000000153859 2.075997 1.599022
8.121847 0.000000152657 1.945093 1.656710
8.185299 0.000000151474 1.841160 1.660850
8.248751 0.000000150309 1.791150 1.588283
8.312203 0.000000149161 1.715512 1.523043
8.375655 0.000000148031 1.644109 1.465420
8.439107 0.000000146918 1.675693 1.335035
8.502559 0.000000145822 1.791207 1.167833
8.566011 0.000000144742 1.891845 1.078390
8.629463 0.000000143677 1.932219 1.079300
8.692914 0.000000142629 1.916891 1.115996
8.756366 0.000000141595 1.929202 1.120190
8.819818 0.000000140577 1.993954 1.064941
8.883270 0.000000139572 2.042743 1.037579
8.946722 0.000000138583 2.105642 1.036562
9.010174 0.000000137607 2.186830 1.028735
9.073626 0.000000136644 2.225676 1.063799
9.137078 0.000000135695 2.211941 1.141210
9.200530 0.000000134760 2.207878 1.191085
9.263982 0.000000133837 2.215603 1.205151
9.327434 0.000000132926 2.275366 1.199308
9.390886 0.000000132028 2.360518 1.187713
9.454338 0.000000131142 2.434371 1.232164
9.517790 0.000000130268 2.489367 1.314650
9.581242 0.000000129405 2.423554 1.462519
9.644693 0.000000128554 2.294120 1.638060
9.708145 0.000000127713 2.219548 1.700117
9.771597 0.000000126884 2.159386 1.705149
9.835049 0.000000126065 2.135324 1.700460
9.898501 0.000000125257 2.175819 1.663716
9.961953 0.000000124459 2.287774 1.629482
10.025405 0.000000123672 2.380087 1.665459
10.088857 0.000000122894 2.310205 1.843447
10.152309 0.000000122126 2.042515 2.108716
10.215761 0.000000121367 1.777470 2.268236
10.279213 0.000000120618 1.700295 2.187796
10.342665 0.000000119878 1.727071 2.023952
10.406117 0.000000119147 1.743052 1.949451
10.469569 0.000000118425 1.764840 1.933577
10.533020 0.000000117712 1.779588 1.935361
10.596472 0.000000117007 1.762986 1.977611
10.659924 0.000000116310 1.751706 2.026826
10.723376 0.000000115622 1.728739 2.073796
10.786828 0.000000114942 1.648339 2.160754
10.850280 0.000000114270 1.564209 2.245217
10.913732 0.000000113605 1.470269 2.299446
10.977184 0.000000112949 1.315318 2.374902
11.040636 0.000000112300 1.134978 2.438948
11.104088 0.000000111658 0.942313 2.446473
11.167540 0.000000111023 0.739665 2.412602
11.230992 0.000000110396 0.608101 2.296304
11.294444 0.000000109776 0.610796 2.084195
11.357896 0.000000109163 0.736226 1.846633
11.421348 0.000000108556 0.887335 1.690649
11.484799 0.000000107957 0.980619 1.670778
11.548251 0.000000107363 0.976601 1.756708
11.611703 0.000000106777 0.865520 1.892923
11.675155 0.000000106196 0.651462 2.024244
11.738607 0.000000105622 0.395889 2.089433
11.802059 0.000000105054 0.196681 2.019009
11.865511 0.000000104493 0.102114 1.825261
11.928963 0.000000103937 0.123885 1.565115
11.992415 0.000000103387 0.222000 1.310479
12.055867 0.000000102843 0.357800 1.111489
12.119319 0.000000102304 0.494656 0.980628
12.182771 0.000000101772 0.590565 0.922183
12.246223 0.000000101244 0.643870 0.911376
12.309675 0.000000100722 0.690523 0.899498
12.373126 0.000000100206 0.754198 0.864345
12.436578 0.000000099695 0.819587 0.830814
12.500030 0.000000099188 0.882846 0.810730
12.563482 0.000000098688 0.940290 0.800152
12.626934 0.000000098192 0.998748 0.794594
12.690386 0.000000097701 1.066833 0.788294
12.753838 0.000000097215 1.138646 0.788053
12.817290 0.000000096733 1.189868 0.809711
12.880742 0.000000096257 1.227617 0.847945
12.944194 0.000000095785 1.290650 0.870871
13.007646 0.000000095318 1.349468 0.893937
13.071098 0.000000094855 1.364847 0.959936
13.134550 0.000000094397 1.378776 1.027276
13.198002 0.000000093943 1.407327 1.068934
13.261454 0.000000093493 1.441191 1.113272
13.324905 0.000000093048 1.472505 1.172322
13.388357 0.000000092607 1.477908 1.255828
13.451809 0.000000092170 1.461217 1.361531
13.515261 0.000000091738 1.410603 1.472066
13.578713 0.000000091309 1.279703 1.606958
13.642165 0.000000090884 1.136846 1.717872
13.705617 0.000000090464 1.038811 1.742446
13.769069 0.000000090047 0.964150 1.733651
13.832521 0.000000089634 0.860054 1.742552
13.895973 0.000000089224 0.732559 1.760644
13.959425 0.000000088819 0.618680 1.738925
14.022877 0.000000088417 0.566787 1.664219
14.086329 0.000000088019 0.555318 1.561691
14.149781 0.000000087624 0.520009 1.503339
14.213232 0.000000087233 0.476690 1.467292
14.276684 0.000000086845 0.435238 1.416525
14.340136 0.000000086461 0.408052 1.354082
14.403588 0.000000086080 0.422918 1.267220
14.467040 0.000000085702 0.451583 1.181856
14.530492 0.000000085328 0.479606 1.125110
14.593944 0.000000084957 0.512959 1.080278
14.657396 0.000000084589 0.562614 1.041742
14.720848 0.000000084225 0.603015 1.019896
14.784300 0.000000083863 0.591941 1.041388
14.847752 0.000000083505 0.561833 1.071452
14.911204 0.000000083150 0.562887 1.058686
14.974656 0.000000082797 0.570653 1.030763
15.038108 0.000000082448 0.556420 1.027289
15.101559 0.000000082101 0.532932 1.028285
15.165011 0.000000081758 0.505430 1.014295
15.228463 0.000000081417 0.488534 0.985805
15.291915 0.000000081079 0.515610 0.928078
15.355367 0.000000080744 0.569017 0.863580
15.418819 0.000000080412 0.615719 0.834566
15.482271 0.000000080083 0.651387 0.834731
15.545723 0.000000079756 0.652186 0.858228
15.609175 0.000000079431 0.627469 0.894983
15.672627 0.000000079110 0.613267 0.905544
15.736079 0.000000078791 0.609853 0.895313
15.799531 0.000000078474 0.609628 0.884874
15.862983 0.000000078161 0.599848 0.881979
15.926435 0.000000077849 0.574057 0.885066
15.989887 0.000000077540 0.553120 0.878169
16.053338 0.000000077234 0.560685 0.843691
16.116790 0.000000076930 0.586213 0.803048
16.180242 0.000000076628 0.617834 0.777183
16.243694 0.000000076329 0.636816 0.773015
16.307146 0.000000076032 0.629726 0.791193
16.370598 0.000000075737 0.596882 0.815386
16.434050 0.000000075445 0.572199 0.820875
16.497502 0.000000075154 0.582352 0.789579
16.560954 0.000000074866 0.592649 0.759317
16.624406 0.000000074581 0.586831 0.754082
16.687858 0.000000074297 0.586910 0.745712
16.751310 0.000000074016 0.600180 0.724658
16.814762 0.000000073736 0.615753 0.707308
16.878214 0.000000073459 0.613382 0.705234
16.941665 0.000000073184 0.604632 0.709237
17.005117 0.000000072911 0.615008 0.693479
17.068569 0.000000072640 0.633031 0.670579
17.132021 0.000000072371 0.649338 0.661037
17.195473 0.000000072104 0.674280 0.654196
17.258925 0.000000071839 0.691007 0.655855
17.322377 0.000000071576 0.681041 0.678326
17.385829 0.000000071314 0.668081 0.700326
17.449281 0.000000071055 0.676006 0.697949
17.512733 0.000000070798 0.678479 0.697257
17.576185 0.000000070542 0.657367 0.719049
17.639637 0.000000070288 0.617617 0.743292
17.703089 0.000000070036 0.569491 0.754016
17.766541 0.000000069786 0.531753 0.739609
17.829993 0.000000069538 0.524246 0.696662
17.893444 0.000000069291 0.547296 0.638616
17.956896 0.000000069046 0.582958 0.591626
18.020348 0.000000068803 0.609912 0.570457
18.083800 0.000000068562 0.621037 0.572219
18.147252 0.000000068322 0.625004 0.578894
18.210704 0.000000068084 0.615515 0.585687
18.274156 0.000000067848 0.595473 0.592032
18.337608 0.000000067613 0.593373 0.579324
18.401060 0.000000067380 0.618643 0.545451
18.464512 0.000000067148 0.641281 0.522987
18.527964 0.000000066918 0.640659 0.528485
18.591416 0.000000066690 0.636735 0.537214
18.654868 0.000000066463 0.642009 0.530044
18.718320 0.000000066238 0.638002 0.524972
18.781771 0.000000066014 0.628381 0.525224
18.845223 0.000000065792 0.630022 0.512098
18.908675 0.000000065571 0.643379 0.489927
18.972127 0.000000065352 0.663124 0.470980
19.035579 0.000000065134 0.677092 0.462503
19.099031 0.000000064917 0.678089 0.466218
19.162483 0.000000064702 0.678945 0.468565
19.225935 0.000000064489 0.687027 0.460298
19.289387 0.000000064277 0.699837 0.450762
19.352839 0.000000064066 0.708747 0.446067
19.416291 0.000000063857 0.709505 0.449555
19.479743 0.000000063649 0.711622 0.450088
19.543195 0.000000063442 0.713553 0.445908
19.606647 0.000000063237 0.713190 0.442327
19.670098 0.000000063033 0.720210 0.433811
19.733550 0.000000062830 0.736391 0.419215
19.797002 0.000000062629 0.753789 0.409883
19.860454 0.000000062429 0.766195 0.409116
19.923906 0.000000062230 0.769785 0.416109
19.987358 0.000000062032 0.771431 0.421934
20.050810 0.000000061836 0.770597 0.423702
20.114262 0.000000061641 0.774999 0.421209
20.177714 0.000000061447 0.788304 0.411202
20.241166 0.000000061254 0.804229 0.404383
20.304618 0.000000061063 0.821694 0.403049
20.368070 0.000000060873 0.829708 0.410326
20.431522 0.000000060684 0.828829 0.425574
20.494974 0.000000060496 0.823497 0.437085
20.558426 0.000000060309 0.812799 0.445412
20.621877 0.000000060123 0.810273 0.444347
20.685329 0.000000059939 0.821368 0.431674
20.748781 0.000000059756 0.835257 0.421363
20.812233 0.000000059574 0.837391 0.423902
20.875685 0.000000059393 0.838642 0.429977
20.939137 0.000000059213 0.857829 0.422712
21.002589 0.000000059034 0.877946 0.416650
21.066041 0.000000058856 0.875185 0.432918
21.129493 0.000000058679 0.859592 0.455766
21.192945 0.000000058503 0.854090 0.460527
21.256397 0.000000058329 0.871011 0.446741
21.319849 0.000000058155 0.891750 0.435220
21.383301 0.000000057983 0.900183 0.444600
21.446753 0.000000057811 0.904181 0.460880
21.510204 0.000000057641 0.905414 0.475554
21.573656 0.000000057471 0.896445 0.493772
21.637108 0.000000057302 0.878684 0.513846
21.700560 0.000000057135 0.857662 0.526545
21.764012 0.000000056968 0.834092 0.531130
21.827464 0.000000056803 0.816065 0.525371
21.890916 0.000000056638 0.810221 0.506319
21.954368 0.000000056474 0.815492 0.481102
22.017820 0.000000056312 0.830634 0.455620
22.081272 0.000000056150 0.852919 0.433680
22.144724 0.000000055989 0.881472 0.417076
22.208176 0.000000055829 0.914412 0.407430
22.271628 0.000000055670 0.949749 0.406498
22.335080 0.000000055512 0.983577 0.416312
22.398532 0.000000055354 1.009334 0.439365
22.461983 0.000000055198 1.017543 0.475938
22.525435 0.000000055043 1.005233 0.521882
22.588887 0.000000054888 0.991299 0.559824
22.652339 0.000000054734 0.986690 0.580585
22.715791 0.000000054581 0.978276 0.600343
22.779243 0.000000054429 0.959501 0.627791
22.842695 0.000000054278 0.942272 0.651937
22.906147 0.000000054128 0.935374 0.665557
22.969599 0.000000053978 0.912202 0.686737
23.033051 0.000000053830 0.850464 0.727408
23.096503 0.000000053682 0.784520 0.754594
23.159955 0.000000053535 0.764162 0.730008
23.223407 0.000000053388 0.776511 0.681063
23.286859 0.000000053243 0.782356 0.657405
23.350310 0.000000053098 0.769622 0.661811
23.413762 0.000000052954 0.749089 0.669151
23.477214 0.000000052811 0.730637 0.666759
23.540666 0.000000052669 0.728745 0.651165
23.604118 0.000000052527 0.737132 0.630614
23.667570 0.000000052386 0.738637 0.624175
23.731022 0.000000052246 0.729722 0.629868
23.794474 0.000000052107 0.717432 0.636049
23.857926 0.000000051968 0.706380 0.636063
23.921378 0.000000051831 0.687829 0.636229
23.984830 0.000000051693 0.670081 0.634817
24.048282 0.000000051557 0.660350 0.621621
24.111734 0.000000051421 0.649117 0.607592
24.175186 0.000000051286 0.641767 0.593207
24.238638 0.000000051152 0.644457 0.571181
24.302089 0.000000051019 0.656494 0.547588
24.365541 0.000000050886 0.680596 0.525777
24.428993 0.000000050754 0.705170 0.513414
24.492445 0.000000050622 0.722140 0.518562
24.555897 0.000000050491 0.727642 0.534811
24.619349 0.000000050361 0.719971 0.559567
24.682801 0.000000050232 0.701285 0.583434
24.746253 0.000000050103 0.665754 0.607118
24.809705 0.000000049975 0.632241 0.618052
24.873157 0.000000049847 0.613039 0.607077
24.936609 0.000000049720 0.603204 0.586929
25.000061 0.000000049594 0.592037 0.571191
25.063513 0.000000049469 0.577955 0.558702
25.126965 0.000000049344 0.569418 0.541789
25.190416 0.000000049219 0.575347 0.514661
25.253868 0.000000049096 0.586522 0.487925
25.317320 0.000000048973 0.604594 0.468350
25.380772 0.000000048850 0.627649 0.452150
25.444224 0.000000048729 0.637662 0.451189
25.507676 0.000000048607 0.640412 0.461074
25.571128 0.000000048487 0.650541 0.463107
25.634580 0.000000048367 0.653597 0.467335
25.698032 0.000000048247 0.646238 0.482006
25.761484 0.000000048128 0.635317 0.493562
25.824936 0.000000048010 0.624624 0.500151
25.888388 0.000000047892 0.612405 0.502283
25.951840 0.000000047775 0.589554 0.507092
26.015292 0.000000047659 0.571972 0.504893
26.078743 0.000000047543 0.570485 0.486130
26.142195 0.000000047428 0.575345 0.465577
26.205647 0.000000047313 0.573995 0.456388
26.269099 0.000000047198 0.570682 0.452178
26.332551 0.000000047085 0.568531 0.445166
26.396003 0.000000046971 0.568088 0.437039
26.459455 0.000000046859 0.569930 0.428440
26.522907 0.000000046747 0.569030 0.422235
26.586359 0.000000046635 0.567918 0.418326
26.649811 0.000000046524 0.567282 0.412224
26.713263 0.000000046414 0.564642 0.407806
26.776715 0.000000046304 0.565531 0.401700
26.840167 0.000000046194 0.567636 0.394039
26.903619 0.000000046085 0.566016 0.390742
26.967071 0.000000045977 0.563538 0.388690
27.030522 0.000000045869 0.562747 0.384236
27.093974 0.000000045761 0.557491 0.381017
27.157426 0.000000045655 0.546607 0.380502
27.220878 0.000000045548 0.540318 0.373689
27.284330 0.000000045442 0.543546 0.358215
27.347782 0.000000045337 0.550959 0.342791
27.411234 0.000000045232 0.553086 0.335239
27.474686 0.000000045127 0.549596 0.333592
27.538138 0.000000045023 0.546459 0.329048
27.601590 0.000000044920 0.546275 0.319906
27.665042 0.000000044817 0.549560 0.308439
27.728494 0.000000044714 0.553801 0.297647
27.791946 0.000000044612 0.558011 0.288849
27.855398 0.000000044511 0.564268 0.280422
27.918849 0.000000044409 0.573549 0.271587
27.982301 0.000000044309 0.582366 0.265856
28.045753 0.000000044208 0.583508 0.266151
28.109205 0.000000044109 0.576605 0.270657
28.172657 0.000000044009 0.573264 0.268285
28.236109 0.000000043910 0.579326 0.256057
28.299561 0.000000043812 0.590776 0.242657
28.363013 0.000000043714 0.600922 0.235570
28.426465 0.000000043616 0.605143 0.235681
28.489917 0.000000043519 0.603465 0.239279
28.553369 0.000000043423 0.601764 0.240035
28.616821 0.000000043326 0.601958 0.235743
28.680273 0.000000043230 0.602798 0.230089
28.743725 0.000000043135 0.605448 0.223286
28.807177 0.000000043040 0.611520 0.214827
28.870628 0.000000042945 0.620451 0.206157
28.934080 0.000000042851 0.630202 0.199894
28.997532 0.000000042757 0.638952 0.197055
29.060984 0.000000042664 0.644852 0.197423
29.124436 0.000000042571 0.646873 0.200119
29.187888 0.000000042479 0.646831 0.202401
29.251340 0.000000042386 0.648746 0.201290
29.314792 0.000000042295 0.653644 0.196978
29.378244 0.000000042203 0.659779 0.192957
29.441696 0.000000042112 0.666198 0.190594
29.505148 0.000000042022 0.670936 0.190256
29.568600 0.000000041932 0.673329 0.191823
29.632052 0.000000041842 0.675537 0.192589
29.695504 0.000000041752 0.677612 0.191880
29.758955 0.000000041663 0.682857 0.189510
29.822407 0.000000041575 0.691801 0.185096
29.885859 0.000000041486 0.701221 0.183459
29.949311 0.000000041399 0.709986 0.185412
30.012763 0.000000041311 0.713765 0.191635
30.076215 0.000000041224 0.712157 0.201348
30.139667 0.000000041137 0.710190 0.208779
30.203119 0.000000041051 0.708716 0.212676
30.266571 0.000000040965 0.704964 0.216504
30.330023 0.000000040879 0.700103 0.219985
30.393475 0.000000040794 0.697507 0.219996
30.456927 0.000000040709 0.697033 0.217514
30.520379 0.000000040624 0.696920 0.215492
30.583831 0.000000040540 0.696136 0.214368
30.647282 0.000000040456 0.694125 0.213773
30.710734 0.000000040372 0.693769 0.211787
30.774186 0.000000040289 0.696548 0.207176
30.837638 0.000000040206 0.699344 0.203485
30.901090 0.000000040123 0.703354 0.201278
30.964542 0.000000040041 0.709169 0.198880
31.027994 0.000000039959 0.712553 0.199305
31.091446 0.000000039878 0.713124 0.202976
31.154898 0.000000039797 0.713739 0.205620
31.218350 0.000000039716 0.712472 0.207756
31.281802 0.000000039635 0.709866 0.209955
31.345254 0.000000039555 0.708977 0.209421
31.408706 0.000000039475 0.714337 0.205039
31.472158 0.000000039395 0.724005 0.199767
31.535610 0.000000039316 0.731986 0.200422
31.599061 0.000000039237 0.735127 0.207505
31.662513 0.000000039159 0.732804 0.218250
31.725965 0.000000039080 0.727134 0.228883
31.789417 0.000000039002 0.719923 0.237099
31.852869 0.000000038925 0.709862 0.243392
31.916321 0.000000038847 0.698116 0.247934
31.979773 0.000000038770 0.691759 0.246372
32.043225 0.000000038693 0.690778 0.239937
32.106677 0.000000038617 0.689623 0.236134
32.170129 0.000000038541 0.684903 0.236623
32.233581 0.000000038465 0.675825 0.239208
32.297033 0.000000038389 0.668607 0.238679
32.360485 0.000000038314 0.664110 0.233202
32.423937 0.000000038239 0.659182 0.228144
32.487388 0.000000038164 0.657008 0.222413
32.550840 0.000000038090 0.656996 0.215026
32.614292 0.000000038016 0.652679 0.211041
32.677744 0.000000037942 0.646260 0.208709
32.741196 0.000000037868 0.645213 0.200702
32.804648 0.000000037795 0.651298 0.188138
32.868100 0.000000037722 0.659220 0.177777
32.931552 0.000000037650 0.663018 0.174443
32.995004 0.000000037577 0.663471 0.175027
33.058456 0.000000037505 0.664048 0.174515
33.121908 0.000000037433 0.665194 0.172279
33.185360 0.000000037362 0.664510 0.171029
33.248812 0.000000037290 0.664652 0.169678
33.312264 0.000000037219 0.665496 0.166811
33.375716 0.000000037149 0.662808 0.165930
33.439167 0.000000037078 0.659392 0.165517
33.502619 0.000000037008 0.659779 0.160562
33.566071 0.000000036938 0.659343 0.155134
33.629523 0.000000036868 0.658703 0.151353
33.692975 0.000000036799 0.661456 0.145019
33.756427 0.000000036730 0.665857 0.138027
33.819879 0.000000036661 0.670310 0.133359
33.883331 0.000000036592 0.674349 0.130177
33.946783 0.000000036524 0.676957 0.128609
34.010235 0.000000036455 0.680072 0.127203
34.073687 0.000000036388 0.684844 0.124863
34.137139 0.000000036320 0.687864 0.124085
34.200591 0.000000036253 0.686528 0.126647
34.264043 0.000000036185 0.685440 0.128120
34.327494 0.000000036119 0.686786 0.125810
34.390946 0.000000036052 0.688906 0.123100
34.454398 0.000000035986 0.690887 0.121643
34.517850 0.000000035919 0.692680 0.120976
34.581302 0.000000035853 0.692368 0.121500
34.644754 0.000000035788 0.688960 0.123250
34.708206 0.000000035722 0.685189 0.123392
34.771658 0.000000035657 0.685251 0.119200
34.835110 0.000000035592 0.688655 0.112465
34.898562 0.000000035528 0.692934 0.107299
34.962014 0.000000035463 0.697583 0.104275
35.025466 0.000000035399 0.701500 0.102937
35.088918 0.000000035335 0.703398 0.103904
35.152370 0.000000035271 0.704079 0.105589
35.215822 0.000000035207 0.703156 0.107261
35.279273 0.000000035144 0.700845 0.108696
35.342725 0.000000035081 0.698477 0.108738
35.406177 0.000000035018 0.697039 0.106717
35.469629 0.000000034956 0.697197 0.103381
35.533081 0.000000034893 0.699021 0.099125
35.596533 0.000000034831 0.700841 0.095813
35.659985 0.000000034769 0.703629 0.093247
35.723437 0.000000034707 0.706398 0.091100
35.786889 0.000000034646 0.706181 0.091386
35.850341 0.000000034584 0.704104 0.092523
35.913793 0.000000034523 0.703378 0.091193
35.977245 0.000000034462 0.705007 0.087324
36.040697 0.000000034402 0.707392 0.083582
36.104149 0.000000034341 0.708388 0.081504
36.167600 0.000000034281 0.709097 0.080257
36.231052 0.000000034221 0.712186 0.077175
36.294504 0.000000034161 0.715548 0.074115
36.357956 0.000000034101 0.717645 0.073296
36.421408 0.000000034042 0.719366 0.073064
36.484860 0.000000033983 0.720752 0.072711
36.548312 0.000000033924 0.721841 0.072476
36.611764 0.000000033865 0.722667 0.072161
36.675216 0.000000033806 0.722990 0.071932
36.738668 0.000000033748 0.723554 0.071356
36.802120 0.000000033690 0.723759 0.070430
36.865572 0.000000033632 0.724404 0.069551
36.929024 0.000000033574 0.726739 0.067499
36.992476 0.000000033517 0.727487 0.066640
37.055927 0.000000033459 0.726343 0.067714
37.119379 0.000000033402 0.725542 0.067607
37.182831 0.000000033345 0.725067 0.066181
37.246283 0.000000033288 0.724333 0.064687
37.309735 0.000000033232 0.723812 0.062850
37.373187 0.000000033175 0.724035 0.060256
37.436639 0.000000033119 0.724309 0.057479
37.500091 0.000000033063 0.723893 0.055183
37.563543 0.000000033007 0.724213 0.052319
37.626995 0.000000032951 0.725734 0.048249
37.690447 0.000000032896 0.727578 0.044256
37.753899 0.000000032841 0.729699 0.040717
37.817351 0.000000032785 0.733371 0.036743
37.880803 0.000000032731 0.737734 0.032870
37.944255 0.000000032676 0.741343 0.030680
38.007706 0.000000032621 0.744422 0.029493
38.071158 0.000000032567 0.747378 0.028391
38.134610 0.000000032513 0.750355 0.027251
38.198062 0.000000032459 0.753282 0.026245
38.261514 0.000000032405 0.756353 0.025336
38.324966 0.000000032351 0.759544 0.024532
38.388418 0.000000032298 0.762256 0.024194
38.451870 0.000000032244 0.764854 0.024216
38.515322 0.000000032191 0.767937 0.023908
38.578774 0.000000032138 0.770792 0.023896
38.642226 0.000000032086 0.772790 0.024729
38.705678 0.000000032033 0.774204 0.025848
38.769130 0.000000031981 0.775635 0.026527
38.832582 0.000000031928 0.777277 0.026799
38.896033 0.000000031876 0.779266 0.026892
38.959485 0.000000031824 0.781074 0.027243
39.022937 0.000000031773 0.782196 0.028191
39.086389 0.000000031721 0.782787 0.029392
39.149841 0.000000031670 0.783601 0.030144
39.213293 0.000000031618 0.783963 0.030720
39.276745 0.000000031567 0.782689 0.031911
39.340197 0.000000031516 0.781294 0.032512
39.403649 0.000000031466 0.782284 0.030633
39.467101 0.000000031415 0.785433 0.027451
39.530553 0.000000031365 0.788728 0.025570
39.594005 0.000000031314 0.790948 0.025786
39.657457 0.000000031264 0.792066 0.027113
39.720909 0.000000031214 0.791651 0.028850
39.784361 0.000000031164 0.790804 0.030240
39.847812 0.000000031115 0.790747 0.029995
39.911264 0.000000031065 0.790787 0.029139
39.974716 0.000000031016 0.791296 0.028092
40.038168 0.000000030967 0.792752 0.026391
40.101620 0.000000030918 0.795236 0.024562
40.165072 0.000000030869 0.798297 0.023152
40.228524 0.000000030820 0.800665 0.023099
40.291976 0.000000030772 0.801924 0.024318
40.355428 0.000000030723 0.801945 0.026021
40.418880 0.000000030675 0.801581 0.027426
40.482332 0.000000030627 0.801432 0.027800
40.545784 0.000000030579 0.801234 0.027773
40.609236 0.000000030531 0.801485 0.027343
40.672688 0.000000030484 0.801617 0.026629
40.736139 0.000000030436 0.801626 0.026100
40.799591 0.000000030389 0.802620 0.024793
40.863043 0.000000030342 0.804628 0.022979
40.926495 0.000000030295 0.807193 0.021592
40.989947 0.000000030248 0.809122 0.021321
41.053399 0.000000030201 0.809755 0.022323
41.116851 0.000000030155 0.809791 0.023429
41.180303 0.000000030108 0.810447 0.023652
41.243755 0.000000030062 0.811560 0.023261
41.307207 0.000000030016 0.811911 0.023571
41.370659 0.000000029970 0.811283 0.024474
41.434111 0.000000029924 0.810241 0.025001
41.497563 0.000000029878 0.809592 0.024503
41.561015 0.000000029832 0.810041 0.022916
41.624466 0.000000029787 0.811210 0.020890
41.687918 0.000000029741 0.812534 0.019322
41.751370 0.000000029696 0.814146 0.018042
41.814822 0.000000029651 0.815957 0.016933
41.878274 0.000000029606 0.817943 0.016160
41.941726 0.000000029561 0.820075 0.015677
42.005178 0.000000029517 0.821797 0.015798
42.068630 0.000000029472 0.822925 0.016567
42.132082 0.000000029428 0.823377 0.017552
42.195534 0.000000029384 0.823088 0.018610
42.258986 0.000000029340 0.823074 0.019022
42.322438 0.000000029296 0.823473 0.018596
42.385890 0.000000029252 0.824166 0.018067
42.449342 0.000000029208 0.825014 0.017507
42.512794 0.000000029164 0.825688 0.017219
42.576245 0.000000029121 0.826521 0.016970
42.639697 0.000000029078 0.827542 0.016565
42.703149 0.000000029034 0.828101 0.016514
42.766601 0.000000028991 0.828577 0.016628
42.830053 0.000000028948 0.829514 0.016275
42.893505 0.000000028906 0.830368 0.015932
42.956957 0.000000028863 0.830659 0.016088
43.020409 0.000000028820 0.831237 0.016083
43.083861 0.000000028778 0.832400 0.015489
43.147313 0.000000028735 0.833349 0.015253
43.210765 0.000000028693 0.833631 0.015653
43.274217 0.000000028651 0.833482 0.016173
43.337669 0.000000028609 0.833198 0.016263
43.401121 0.000000028567 0.833171 0.015862
43.464572 0.000000028526 0.833959 0.014767
43.528024 0.000000028484 0.834972 0.013591
43.591476 0.000000028443 0.835964 0.012880
43.654928 0.000000028401 0.837316 0.012186
43.718380 0.000000028360 0.838659 0.011633
43.781832 0.000000028319 0.839614 0.011631
43.845284 0.000000028278 0.840419 0.011781
43.908736 0.000000028237 0.841103 0.011866
43.972188 0.000000028196 0.841681 0.011936
44.035640 0.000000028156 0.842357 0.011888
44.099092 0.000000028115 0.843162 0.011704
44.162544 0.000000028075 0.843782 0.011675
44.225996 0.000000028035 0.844119 0.011829
44.289448 0.000000027994 0.844299 0.011909
44.352900 0.000000027954 0.844576 0.011713
44.416351 0.000000027914 0.845211 0.011160
44.479803 0.000000027875 0.846010 0.010480
44.543255 0.000000027835 0.846843 0.009967
44.606707 0.000000027795 0.848063 0.009382
44.670159 0.000000027756 0.849373 0.008853
44.733611 0.000000027717 0.850310 0.008830
44.797063 0.000000027677 0.851079 0.009014
44.860515 0.000000027638 0.851928 0.009026
44.923967 0.000000027599 0.852840 0.008964
44.987419 0.000000027560 0.853730 0.008970
45.050871 0.000000027521 0.854496 0.009093
45.114323 0.000000027483 0.855265 0.009248
45.177775 0.000000027444 0.856114 0.009332
45.241227 0.000000027406 0.856863 0.009507
45.304678 0.000000027367 0.857318 0.009876
45.368130 0.000000027329 0.857669 0.010242
45.431582 0.000000027291 0.858191 0.010344
45.495034 0.000000027253 0.858917 0.010279
45.558486 0.000000027215 0.859501 0.010348
45.621938 0.000000027177 0.859833 0.010653
45.685390 0.000000027139 0.860419 0.010789
45.748842 0.000000027101 0.861326 0.010674
45.812294 0.000000027064 0.861854 0.010935
45.875746 0.000000027026 0.861728 0.011702
45.939198 0.000000026989 0.861297 0.012350
46.002650 0.000000026952 0.860964 0.012462
46.066102 0.000000026915 0.861207 0.011972
46.129554 0.000000026878 0.862137 0.011063
46.193006 0.000000026841 0.863200 0.010412
46.256457 0.000000026804 0.864013 0.010351
46.319909 0.000000026767 0.864659 0.010613
46.383361 0.000000026731 0.865067 0.010979
46.446813 0.000000026694 0.864921 0.011570
46.510265 0.000000026658 0.864468 0.012108
46.573717 0.000000026621 0.864201 0.012101
46.637169 0.000000026585 0.864337 0.011571
46.700621 0.000000026549 0.864967 0.010781
46.764073 0.000000026513 0.865841 0.010048
46.827525 0.000000026477 0.866372 0.009770
46.890977 0.000000026441 0.866592 0.009842
46.954429 0.000000026406 0.867180 0.009583
47.017881 0.000000026370 0.868042 0.009052
47.081333 0.000000026334 0.868827 0.008825
47.144784 0.000000026299 0.869493 0.008840
47.208236 0.000000026264 0.869749 0.009061
47.271688 0.000000026228 0.869654 0.009381
47.335140 0.000000026193 0.870070 0.009187
47.398592 0.000000026158 0.871084 0.008456
47.462044 0.000000026123 0.871963 0.008094
47.525496 0.000000026088 0.872548 0.008239
47.588948 0.000000026054 0.872980 0.008451
47.652400 0.000000026019 0.873513 0.008562
47.715852 0.000000025984 0.874213 0.008523
47.779304 0.000000025950 0.874379 0.008783
47.842756 0.000000025915 0.874146 0.009316
47.906208 0.000000025881 0.874415 0.009230
47.969660 0.000000025847 0.874934 0.008727
48.033111 0.000000025813 0.875244 0.008532
48.096563 0.000000025779 0.875921 0.008271
48.160015 0.000000025745 0.876967 0.007749
48.223467 0.000000025711 0.877720 0.007686
48.286919 0.000000025677 0.878258 0.007992
48.350371 0.000000025643 0.878544 0.008299
48.413823 0.000000025610 0.878883 0.008549
48.477275 0.000000025576 0.879788 0.008380
48.540727 0.000000025543 0.880618 0.008349
48.604179 0.000000025509 0.880889 0.008978
48.667631 0.000000025476 0.880557 0.009862
48.731083 0.000000025443 0.880139 0.010491
48.794535 0.000000025410 0.879955 0.010530
48.857987 0.000000025377 0.879921 0.010311
48.921439 0.000000025344 0.879857 0.010043
48.984890 0.000000025311 0.880063 0.009649
49.048342 0.000000025278 0.880900 0.008896
49.111794 0.000000025246 0.882132 0.008213
49.175246 0.000000025213 0.883097 0.008142
49.238698 0.000000025181 0.883022 0.008926
49.302150 0.000000025148 0.882329 0.009941
49.365602 0.000000025116 0.882016 0.010117
49.429054 0.000000025084 0.882108 0.009606
49.492506 0.000000025051 0.882351 0.009065
49.555958 0.000000025019 0.882980 0.008466
49.619410 0.000000024987 0.883943 0.007837
49.682862 0.000000024955 0.884874 0.007566
49.746314 0.000000024924 0.885344 0.007819
49.809766 0.000000024892 0.885223 0.008422
49.873217 0.000000024860 0.885028 0.008824
49.936669 0.000000024829 0.885393 0.008571
50.000121 0.000000024797 0.886049 0.008085
50.063573 0.000000024766 0.886743 0.007906
50.127025 0.000000024734 0.887379 0.007987
50.190477 0.000000024703 0.887654 0.008388
50.253929 0.000000024672 0.887429 0.009066
50.317381 0.000000024641 0.886898 0.009649
50.380833 0.000000024610 0.886428 0.009833
50.444285 0.000000024579 0.886421 0.009488
50.507737 0.000000024548 0.886589 0.008931
50.571189 0.000000024517 0.886647 0.008648
50.634641 0.000000024486 0.886777 0.008324
50.698093 0.000000024456 0.886819 0.008001
50.761545 0.000000024425 0.887251 0.007513
50.824996 0.000000024395 0.887963 0.006835
50.888448 0.000000024364 0.888462 0.006539
50.951900 0.000000024334 0.888836 0.006506
51.015352 0.000000024304 0.889263 0.006396
51.078804 0.000000024273 0.889575 0.006321
51.142256 0.000000024243 0.889886 0.006307
51.205708 0.000000024213 0.890243 0.006186
51.269160 0.000000024183 0.890409 0.006180
51.332612 0.000000024153 0.890708 0.006137
51.396064 0.000000024124 0.891194 0.005898
51.459516 0.000000024094 0.891430 0.005881
51.522968 0.000000024064 0.891434 0.006077
51.586420 0.000000024035 0.891505 0.006089
51.649872 0.000000024005 0.891604 0.005934
51.713323 0.000000023976 0.891730 0.005766
51.776775 0.000000023946 0.891878 0.005534
51.840227 0.000000023917 0.891969 0.005325
51.903679 0.000000023888 0.892191 0.005029
51.967131 0.000000023859 0.892533 0.004622
52.030583 0.000000023829 0.892876 0.004292
52.094035 0.000000023800 0.893225 0.004021
52.157487 0.000000023771 0.893509 0.003798
52.220939 0.000000023743 0.893765 0.003600
52.284391 0.000000023714 0.894090 0.003329
52.347843 0.000000023685 0.894438 0.003019
52.411295 0.000000023656 0.894734 0.002759
52.474747 0.000000023628 0.895119 0.002459
52.538199 0.000000023599 0.895638 0.002061
52.601650 0.000000023571 0.896180 0.001719
52.665102 0.000000023542 0.896730 0.001468
52.728554 0.000000023514 0.897278 0.001268
52.792006 0.000000023486 0.897772 0.001137
52.855458 0.000000023458 0.898241 0.001048
52.918910 0.000000023429 0.898727 0.000940
52.982362 0.000000023401 0.899211 0.000841
53.045814 0.000000023373 0.899677 0.000774
53.109266 0.000000023345 0.900124 0.000730
53.172718 0.000000023318 0.900555 0.000697
53.236170 0.000000023290 0.900973 0.000672
53.299622 0.000000023262 0.901379 0.000651
53.363074 0.000000023234 0.901775 0.000634
53.426526 0.000000023207 0.902162 0.000618
53.489978 0.000000023179 0.902541 0.000605
53.553429 0.000000023152 0.902913 0.000593
53.616881 0.000000023124 0.903279 0.000582
53.680333 0.000000023097 0.903638 0.000572
53.743785 0.000000023070 0.903993 0.000563
53.807237 0.000000023043 0.904341 0.000554
53.870689 0.000000023015 0.904685 0.000546
53.934141 0.000000022988 0.905024 0.000539
53.997593 0.000000022961 0.905359 0.000532
54.061045 0.000000022934 0.905691 0.000525
54.124497 0.000000022908 0.906018 0.000519
54.187949 0.000000022881 0.906341 0.000513
54.251401 0.000000022854 0.906661 0.000507
54.314853 0.000000022827 0.906978 0.000502
54.378305 0.000000022801 0.907291 0.000497
54.441756 0.000000022774 0.907602 0.000492
54.505208 0.000000022748 0.907909 0.000487
54.568660 0.000000022721 0.908213 0.000482
54.632112 0.000000022695 0.908515 0.000478
54.695564 0.000000022668 0.908814 0.000474
54.759016 0.000000022642 0.909111 0.000469
54.822468 0.000000022616 0.909405 0.000465
54.885920 0.000000022590 0.909696 0.000461
54.949372 0.000000022564 0.909986 0.000458
55.012824 0.000000022538 0.910272 0.000454
55.076276 0.000000022512 0.910557 0.000450
55.139728 0.000000022486 0.910839 0.000447
55.203180 0.000000022460 0.911120 0.000443
55.266632 0.000000022434 0.911398 0.000440
55.330084 0.000000022408 0.911674 0.000437
55.393535 0.000000022383 0.911948 0.000434
55.456987 0.000000022357 0.912220 0.000431
55.520439 0.000000022332 0.912490 0.000427
55.583891 0.000000022306 0.912759 0.000425
55.647343 0.000000022281 0.913025 0.000422
55.710795 0.000000022255 0.913290 0.000419
55.774247 0.000000022230 0.913553 0.000416
55.837699 0.000000022205 0.913814 0.000413
55.901151 0.000000022179 0.914074 0.000410
55.964603 0.000000022154 0.914332 0.000408
56.028055 0.000000022129 0.914588 0.000405
56.091507 0.000000022104 0.914843 0.000403
56.154959 0.000000022079 0.915096 0.000400
56.218411 0.000000022054 0.915348 0.000398
56.281862 0.000000022029 0.915597 0.000395
56.345314 0.000000022005 0.915846 0.000393
56.408766 0.000000021980 0.916093 0.000390
56.472218 0.000000021955 0.916338 0.000388
56.535670 0.000000021931 0.916582 0.000386
56.599122 0.000000021906 0.916825 0.000383
56.662574 0.000000021881 0.917065 0.000381
56.726026 0.000000021857 0.917306 0.000379
56.789478 0.000000021833 0.917544 0.000377
56.852930 0.000000021808 0.917781 0.000375
56.916382 0.000000021784 0.918017 0.000373
56.979834 0.000000021760 0.918251 0.000370
57.043286 0.000000021735 0.918485 0.000368
57.106738 0.000000021711 0.918716 0.000366
57.170190 0.000000021687 0.918947 0.000364
57.233641 0.000000021663 0.919176 0.000362
57.297093 0.000000021639 0.919404 0.000360
57.360545 0.000000021615 0.919631 0.000358
57.423997 0.000000021591 0.919857 0.000357
57.487449 0.000000021567 0.920081 0.000355
57.550901 0.000000021544 0.920304 0.000353
57.614353 0.000000021520 0.920526 0.000351
57.677805 0.000000021496 0.920747 0.000349
57.741257 0.000000021473 0.920967 0.000347
57.804709 0.000000021449 0.921185 0.000345
57.868161 0.000000021426 0.921403 0.000344
57.931613 0.000000021402 0.921619 0.000342
57.995065 0.000000021379 0.921834 0.000340
58.058517 0.000000021355 0.922049 0.000338
58.121968 0.000000021332 0.922262 0.000337
58.185420 0.000000021309 0.922474 0.000335
58.248872 0.000000021286 0.922685 0.000333
58.312324 0.000000021262 0.922895 0.000332
58.375776 0.000000021239 0.923104 0.000330
58.439228 0.000000021216 0.923311 0.000328
58.502680 0.000000021193 0.923518 0.000327
58.566132 0.000000021170 0.923724 0.000325
58.629584 0.000000021147 0.923929 0.000324
58.693036 0.000000021124 0.924133 0.000322
58.756488 0.000000021102 0.924336 0.000321
58.819940 0.000000021079 0.924538 0.000319
58.883392 0.000000021056 0.924738 0.000317
58.946844 0.000000021034 0.924938 0.000316
59.010295 0.000000021011 0.925138 0.000314
59.073747 0.000000020988 0.925336 0.000313
59.137199 0.000000020966 0.925533 0.000311
59.200651 0.000000020943 0.925729 0.000310
59.264103 0.000000020921 0.925925 0.000309
59.327555 0.000000020899 0.926119 0.000307
59.391007 0.000000020876 0.926313 0.000306
59.454459 0.000000020854 0.926505 0.000304
59.517911 0.000000020832 0.926697 0.000303
59.581363 0.000000020810 0.926888 0.000302
59.644815 0.000000020787 0.927078 0.000300
59.708267 0.000000020765 0.927267 0.000299
59.771719 0.000000020743 0.927455 0.000297
59.835171 0.000000020721 0.927642 0.000296
59.898623 0.000000020699 0.927829 0.000295
59.962074 0.000000020677 0.928015 0.000293
60.025526 0.000000020656 0.928200 0.000292
60.088978 0.000000020634 0.928384 0.000291
60.152430 0.000000020612 0.928568 0.000290
60.215882 0.000000020590 0.928750 0.000288
60.279334 0.000000020569 0.928932 0.000287
60.342786 0.000000020547 0.929113 0.000286
60.406238 0.000000020525 0.929293 0.000284
60.469690 0.000000020504 0.929472 0.000283
60.533142 0.000000020482 0.929651 0.000282
60.596594 0.000000020461 0.929828 0.000281
60.660046 0.000000020439 0.930005 0.000280
60.723498 0.000000020418 0.930181 0.000278
60.786950 0.000000020397 0.930357 0.000277
60.850401 0.000000020376 0.930532 0.000276
60.913853 0.000000020354 0.930706 0.000275
60.977305 0.000000020333 0.930879 0.000274
61.040757 0.000000020312 0.931051 0.000272
61.104209 0.000000020291 0.931223 0.000271
61.167661 0.000000020270 0.931394 0.000270
61.231113 0.000000020249 0.931564 0.000269
61.294565 0.000000020228 0.931734 0.000268
61.358017 0.000000020207 0.931903 0.000267
61.421469 0.000000020186 0.932071 0.000266
61.484921 0.000000020165 0.932239 0.000265
61.548373 0.000000020144 0.932406 0.000263
61.611825 0.000000020124 0.932571 0.000262
61.675277 0.000000020103 0.932737 0.000261
61.738729 0.000000020082 0.932901 0.000260
61.802180 0.000000020062 0.933066 0.000259
61.865632 0.000000020041 0.933229 0.000258
61.929084 0.000000020021 0.933392 0.000257
61.992536 0.000000020000 0.933554 0.000256
62.055988 0.000000019980 0.933715 0.000255
62.119440 0.000000019959 0.933876 0.000254
62.182892 0.000000019939 0.934036 0.000253
62.246344 0.000000019919 0.934195 0.000252
62.309796 0.000000019898 0.934354 0.000251
62.373248 0.000000019878 0.934512 0.000250
62.436700 0.000000019858 0.934670 0.000249
62.500152 0.000000019838 0.934827 0.000248
62.563604 0.000000019818 0.934983 0.000247
62.627056 0.000000019798 0.935138 0.000246
62.690507 0.000000019777 0.935293 0.000245
62.753959 0.000000019757 0.935448 0.000244
62.817411 0.000000019738 0.935602 0.000243
62.880863 0.000000019718 0.935755 0.000242
62.944315 0.000000019698 0.935907 0.000241
63.007767 0.000000019678 0.936059 0.000240
63.071219 0.000000019658 0.936211 0.000239
63.134671 0.000000019638 0.936361 0.000238
63.198123 0.000000019619 0.936512 0.000237
63.261575 0.000000019599 0.936661 0.000236
63.325027 0.000000019579 0.936810 0.000235
63.388479 0.000000019560 0.936959 0.000234
