0.060799 0.000020392756 3.504875 0.006160
0.121598 0.000010196378 3.510419 0.012445
0.182396 0.000006797623 3.519769 0.018987
0.243195 0.000005098210 3.533136 0.025936
0.303994 0.000004078565 3.550783 0.033463
0.364793 0.000003398802 3.573106 0.041779
0.425591 0.000002913265 3.600616 0.051151
0.486390 0.000002549105 3.634017 0.061926
0.547189 0.000002265870 3.674191 0.074572
0.607988 0.000002039282 3.722347 0.089741
0.668787 0.000001853892 3.780087 0.108365
0.729585 0.000001699403 3.849565 0.131823
0.790384 0.000001568680 3.933751 0.162247
0.851183 0.000001456631 4.036803 0.203055
0.911982 0.000001359522 4.164659 0.260035
0.972780 0.000001274553 4.325784 0.343622
1.033579 0.000001199579 4.531893 0.474009
1.094378 0.000001132935 4.796079 0.693437
1.155177 0.000001073307 5.113219 1.093930
1.215976 0.000001019641 5.365503 1.841995
1.276774 0.000000971087 5.126219 2.992802
1.337573 0.000000926947 3.925203 3.936929
1.398372 0.000000886645 2.328046 3.720348
1.459171 0.000000849701 1.525985 2.634582
1.519969 0.000000815713 1.598670 1.691730
1.580768 0.000000784340 1.985248 1.224042
1.641567 0.000000755290 2.348322 1.122238
1.702366 0.000000728315 2.524659 1.208060
1.763165 0.000000703201 2.555616 1.231570
1.823963 0.000000679761 2.690257 1.215518
1.884762 0.000000657833 2.878091 1.427088
1.945561 0.000000637276 2.751352 1.847225
2.006360 0.000000617964 2.253830 1.953673
2.067158 0.000000599789 1.992896 1.669447
2.127957 0.000000582652 1.993742 1.524386
2.188756 0.000000566468 1.898458 1.467281
2.249555 0.000000551158 1.844707 1.303775
2.310354 0.000000536653 1.901901 1.234316
2.371152 0.000000522893 1.868590 1.253632
2.431951 0.000000509821 1.770258 1.220740
2.492750 0.000000497386 1.658422 1.126745
2.553549 0.000000485544 1.596891 0.961046
2.614347 0.000000474252 1.612395 0.800716
2.675146 0.000000463473 1.664453 0.659335
2.735945 0.000000453174 1.772236 0.542804
2.796744 0.000000443322 1.910218 0.505945
2.857543 0.000000433890 2.006634 0.535992
2.918341 0.000000424851 2.057799 0.567809
2.979140 0.000000416180 2.116423 0.607099
3.039939 0.000000407857 2.145843 0.714675
3.100738 0.000000399859 2.048232 0.831008
3.161536 0.000000392170 1.872806 0.820512
3.222335 0.000000384770 1.760469 0.685728
3.283134 0.000000377645 1.757301 0.538000
3.343933 0.000000370779 1.801049 0.435892
3.404732 0.000000364158 1.855059 0.357637
3.465530 0.000000357769 1.930405 0.297561
3.526329 0.000000351601 2.017688 0.277901
3.587128 0.000000345641 2.084879 0.297534
3.647927 0.000000339880 2.112904 0.331850
3.708725 0.000000334309 2.107652 0.342918
3.769524 0.000000328917 2.116292 0.328485
3.830323 0.000000323696 2.130044 0.332076
3.891122 0.000000318638 2.114405 0.327470
3.951921 0.000000313736 2.104083 0.287446
4.012719 0.000000308982 2.119979 0.238243
4.073518 0.000000304371 2.155874 0.194759
4.134317 0.000000299895 2.201567 0.167304
4.195116 0.000000295548 2.242615 0.148672
4.255914 0.000000291326 2.284944 0.129206
4.316713 0.000000287223 2.332346 0.113708
4.377512 0.000000283234 2.382499 0.103346
4.438311 0.000000279354 2.434807 0.098407
4.499110 0.000000275579 2.488027 0.098930
4.559908 0.000000271904 2.541582 0.104014
4.620707 0.000000268327 2.596583 0.112779
4.681506 0.000000264842 2.655350 0.126993
4.742305 0.000000261447 2.717721 0.151673
4.803104 0.000000258137 2.778441 0.191599
4.863902 0.000000254910 2.828446 0.247761
4.924701 0.000000251763 2.855204 0.313508
4.985500 0.000000248693 2.855447 0.365445
5.046299 0.000000245697 2.858534 0.390448
5.107097 0.000000242772 2.877020 0.418736
5.167896 0.000000239916 2.884416 0.452333
5.228695 0.000000237126 2.886201 0.469222
5.289494 0.000000234400 2.903317 0.472752
5.350293 0.000000231737 2.937460 0.481044
5.411091 0.000000229133 2.981200 0.496274
5.471890 0.000000226587 3.037485 0.523213
5.532689 0.000000224097 3.101493 0.568913
5.593488 0.000000221661 3.172551 0.645764
5.654286 0.000000219278 3.217614 0.772856
5.715085 0.000000216945 3.193557 0.910684
5.775884 0.000000214661 3.133584 1.011753
5.836683 0.000000212425 3.050844 1.105103
5.897482 0.000000210235 2.905652 1.148735
5.958280 0.000000208090 2.772905 1.073599
6.019079 0.000000205988 2.752637 0.947010
6.079878 0.000000203928 2.809753 0.863852
6.140677 0.000000201909 2.903082 0.824839
6.201475 0.000000199930 3.010512 0.859370
6.262274 0.000000197989 3.050191 0.945779
6.323073 0.000000196085 3.026562 0.975450
6.383872 0.000000194217 3.060149 0.925477
6.444671 0.000000192385 3.209294 0.913732
6.505469 0.000000190587 3.382882 1.036709
6.566268 0.000000188823 3.470466 1.245735
6.627067 0.000000187090 3.494126 1.479070
6.687866 0.000000185389 3.401766 1.771524
6.748664 0.000000183719 3.111973 1.958398
6.809463 0.000000182079 2.816167 1.898634
6.870262 0.000000180468 2.702943 1.704087
6.931061 0.000000178884 2.786054 1.574601
6.991860 0.000000177329 2.906348 1.617614
7.052658 0.000000175800 2.924733 1.752274
7.113457 0.000000174298 2.850857 1.853153
7.174256 0.000000172821 2.777648 1.906824
7.235055 0.000000171368 2.701577 1.974245
7.295853 0.000000169940 2.566626 2.035338
7.356652 0.000000168536 2.390811 2.012193
7.417451 0.000000167154 2.259212 1.906846
7.478250 0.000000165795 2.183461 1.763908
7.539049 0.000000164458 2.190281 1.585453
7.599847 0.000000163143 2.320710 1.454210
7.660646 0.000000161848 2.477390 1.470744
7.721445 0.000000160573 2.520391 1.555459
7.782244 0.000000159319 2.494833 1.568728
7.843042 0.000000158084 2.517889 1.509325
7.903841 0.000000156868 2.641736 1.478235
7.964640 0.000000155670 2.775836 1.559958
8.025439 0.000000154491 2.836563 1.695092
8.086238 0.000000153330 2.829980 1.821216
8.147036 0.000000152185 2.797334 1.900141
8.207835 0.000000151058 2.786078 1.964183
8.268634 0.000000149947 2.760052 2.038242
8.329433 0.000000148853 2.729069 2.072385
8.390231 0.000000147774 2.756679 2.114532
8.451030 0.000000146711 2.762775 2.222263
8.511829 0.000000145663 2.716486 2.302520
8.572628 0.000000144630 2.702810 2.357136
8.633427 0.000000143611 2.700159 2.442514
8.694225 0.000000142607 2.698563 2.545071
8.755024 0.000000141617 2.685092 2.709967
8.815823 0.000000140640 2.561480 2.909882
8.876622 0.000000139677 2.336715 3.003391
8.937420 0.000000138727 2.177122 2.957118
8.998219 0.000000137789 2.165375 2.936794
9.059018 0.000000136865 2.154849 3.075648
9.119817 0.000000135952 1.976673 3.247324
9.180616 0.000000135052 1.732882 3.297745
9.241414 0.000000134163 1.503136 3.280556
9.302213 0.000000133286 1.298194 3.182949
9.363012 0.000000132421 1.198797 3.061249
9.423811 0.000000131567 1.131494 3.027042
9.484609 0.000000130723 0.985691 3.008071
9.545408 0.000000129891 0.821672 2.914005
9.606207 0.000000129069 0.688722 2.784540
9.667006 0.000000128257 0.575906 2.609411
9.727805 0.000000127455 0.544583 2.393996
9.788603 0.000000126664 0.603236 2.221164
9.849402 0.000000125882 0.678634 2.119180
9.910201 0.000000125109 0.752516 2.045702
9.971000 0.000000124347 0.833784 2.022790
10.031798 0.000000123593 0.858225 2.043341
10.092597 0.000000122848 0.826843 2.017253
10.153396 0.000000122113 0.840448 1.931513
10.214195 0.000000121386 0.919745 1.884097
10.274994 0.000000120668 0.985776 1.896900
10.335792 0.000000119958 1.018258 1.919867
10.396591 0.000000119256 1.035729 1.940976
10.457390 0.000000118563 1.040096 1.936420
10.518189 0.000000117878 1.114023 1.913544
10.578987 0.000000117200 1.234179 2.011860
10.639786 0.000000116530 1.228090 2.214263
10.700585 0.000000115868 1.073411 2.344358
10.761384 0.000000115214 0.929443 2.338263
10.822183 0.000000114566 0.866168 2.327580
10.882981 0.000000113926 0.783726 2.356898
10.943780 0.000000113294 0.658294 2.351656
11.004579 0.000000112668 0.551833 2.289828
11.065378 0.000000112049 0.490278 2.224622
11.126176 0.000000111436 0.433388 2.184273
11.186975 0.000000110831 0.339232 2.144369
11.247774 0.000000110232 0.219063 2.026226
11.308573 0.000000109639 0.194037 1.830092
11.369372 0.000000109053 0.276056 1.692979
11.430170 0.000000108473 0.350486 1.635033
11.490969 0.000000107899 0.402162 1.583778
11.551768 0.000000107331 0.463347 1.536375
11.612567 0.000000106769 0.540972 1.492183
11.673365 0.000000106213 0.661109 1.486938
11.734164 0.000000105662 0.769335 1.562385
11.794963 0.000000105118 0.815575 1.694127
11.855762 0.000000104579 0.752971 1.835377
11.916561 0.000000104045 0.604154 1.865692
11.977359 0.000000103517 0.529931 1.766763
12.038158 0.000000102994 0.592804 1.693347
12.098957 0.000000102477 0.678819 1.740952
12.159756 0.000000101964 0.683734 1.847252
12.220554 0.000000101457 0.627795 1.931235
12.281353 0.000000100955 0.554957 1.986661
12.342152 0.000000100457 0.476521 2.048670
12.402951 0.000000099965 0.325602 2.112407
12.463750 0.000000099477 0.112999 2.072611
12.524548 0.000000098994 -0.045223 1.903796
12.585347 0.000000098516 -0.065093 1.697214
12.646146 0.000000098042 0.012459 1.567358
12.706945 0.000000097573 0.090622 1.523352
12.767743 0.000000097109 0.138120 1.508439
12.828542 0.000000096648 0.190434 1.507272
12.889341 0.000000096193 0.225846 1.561903
12.950140 0.000000095741 0.190932 1.629730
13.010939 0.000000095294 0.115345 1.660740
13.071737 0.000000094850 0.028435 1.660063
13.132536 0.000000094411 -0.070308 1.630781
13.193335 0.000000093976 -0.172968 1.550586
13.254134 0.000000093545 -0.226656 1.410631
13.314933 0.000000093118 -0.189965 1.278104
13.375731 0.000000092695 -0.114886 1.219370
13.436530 0.000000092275 -0.069853 1.217071
13.497329 0.000000091860 -0.072292 1.223357
13.558128 0.000000091448 -0.103383 1.195891
13.618926 0.000000091039 -0.105966 1.132988
13.679725 0.000000090635 -0.073645 1.096272
13.740524 0.000000090234 -0.058335 1.088385
13.801323 0.000000089836 -0.063412 1.077693
13.862122 0.000000089442 -0.074146 1.054108
13.922920 0.000000089052 -0.077998 1.030817
13.983719 0.000000088664 -0.102405 1.011339
14.044518 0.000000088281 -0.135418 0.946473
14.105317 0.000000087900 -0.109877 0.859576
14.166115 0.000000087523 -0.047432 0.822237
14.226914 0.000000087149 -0.011314 0.828383
14.287713 0.000000086778 -0.013652 0.828708
14.348512 0.000000086410 -0.021252 0.802734
14.409311 0.000000086046 -0.016684 0.763621
14.470109 0.000000085684 0.009353 0.722365
14.530908 0.000000085326 0.048863 0.706571
14.591707 0.000000084970 0.067436 0.704355
14.652506 0.000000084618 0.086482 0.690065
14.713304 0.000000084268 0.113782 0.694205
14.774103 0.000000083921 0.114151 0.711302
14.834902 0.000000083577 0.095992 0.703890
14.895701 0.000000083236 0.098184 0.682227
14.956500 0.000000082898 0.101771 0.682700
15.017298 0.000000082562 0.075564 0.674858
15.078097 0.000000082229 0.056626 0.634132
15.138896 0.000000081899 0.060688 0.590972
15.199695 0.000000081571 0.073164 0.554810
15.260493 0.000000081246 0.089173 0.521386
15.321292 0.000000080924 0.110198 0.492163
15.382091 0.000000080604 0.130786 0.466581
15.442890 0.000000080287 0.154039 0.440140
15.503689 0.000000079972 0.183078 0.415320
15.564487 0.000000079659 0.219106 0.398384
15.625286 0.000000079350 0.252397 0.391627
15.686085 0.000000079042 0.284005 0.388876
15.746884 0.000000078737 0.311198 0.395896
15.807682 0.000000078434 0.325239 0.402798
15.868481 0.000000078133 0.339114 0.402076
15.929280 0.000000077835 0.353583 0.408583
15.990079 0.000000077539 0.350376 0.414568
16.050878 0.000000077246 0.340070 0.396815
16.111676 0.000000076954 0.349861 0.358350
16.172475 0.000000076665 0.389624 0.326435
16.233274 0.000000076378 0.439274 0.318548
16.294073 0.000000076093 0.483475 0.326769
16.354871 0.000000075810 0.521604 0.344346
16.415670 0.000000075529 0.552570 0.370651
16.476469 0.000000075250 0.572120 0.402691
16.537268 0.000000074974 0.581052 0.434614
16.598067 0.000000074699 0.579950 0.467123
16.658865 0.000000074426 0.560991 0.493230
16.719664 0.000000074156 0.535145 0.492206
16.780463 0.000000073887 0.534139 0.472705
16.841262 0.000000073620 0.557013 0.470088
16.902060 0.000000073356 0.571624 0.492321
16.962859 0.000000073093 0.564680 0.514149
17.023658 0.000000072832 0.552553 0.523454
17.084457 0.000000072572 0.541774 0.526357
17.145256 0.000000072315 0.534449 0.524431
17.206054 0.000000072059 0.531390 0.522813
17.266853 0.000000071806 0.527306 0.522569
17.327652 0.000000071554 0.523194 0.518523
17.388451 0.000000071304 0.522549 0.514217
17.449249 0.000000071055 0.520648 0.508475
17.510048 0.000000070808 0.525736 0.496062
17.570847 0.000000070563 0.543599 0.490559
17.631646 0.000000070320 0.562943 0.498321
17.692445 0.000000070078 0.577210 0.518429
17.753243 0.000000069838 0.575958 0.546591
17.814042 0.000000069600 0.556755 0.567910
17.874841 0.000000069363 0.529593 0.570527
17.935640 0.000000069128 0.513669 0.552772
17.996438 0.000000068895 0.522816 0.535616
18.057237 0.000000068663 0.542053 0.539030
18.118036 0.000000068432 0.552526 0.560233
18.178835 0.000000068203 0.545416 0.586030
18.239634 0.000000067976 0.528559 0.603002
18.300432 0.000000067750 0.510472 0.618964
18.361231 0.000000067526 0.478954 0.632013
18.422030 0.000000067303 0.442687 0.625727
18.482829 0.000000067082 0.418461 0.607958
18.543627 0.000000066862 0.404142 0.590658
18.604426 0.000000066643 0.393642 0.577031
18.665225 0.000000066426 0.384263 0.563903
18.726024 0.000000066210 0.376717 0.554307
18.786823 0.000000065996 0.364576 0.544490
18.847621 0.000000065783 0.354426 0.531653
18.908420 0.000000065572 0.342149 0.520348
18.969219 0.000000065362 0.326929 0.501251
19.030018 0.000000065153 0.319988 0.475174
19.090816 0.000000064945 0.321805 0.450806
19.151615 0.000000064739 0.330037 0.431221
19.212414 0.000000064534 0.340815 0.422084
19.273213 0.000000064331 0.341690 0.420797
19.334012 0.000000064128 0.333173 0.413211
19.394810 0.000000063927 0.325872 0.397465
19.455609 0.000000063728 0.322151 0.378359
19.516408 0.000000063529 0.323170 0.355751
19.577207 0.000000063332 0.332806 0.335294
19.638005 0.000000063136 0.343511 0.323044
19.698804 0.000000062941 0.349329 0.312147
19.759603 0.000000062747 0.355798 0.298199
19.820402 0.000000062555 0.364059 0.285257
19.881201 0.000000062363 0.373176 0.270417
19.941999 0.000000062173 0.388494 0.256071
20.002798 0.000000061984 0.407697 0.247744
20.063597 0.000000061796 0.426133 0.246344
20.124396 0.000000061610 0.440702 0.248529
20.185194 0.000000061424 0.453528 0.252356
20.245993 0.000000061240 0.464050 0.259722
20.306792 0.000000061056 0.469816 0.270035
20.367591 0.000000060874 0.467875 0.280221
20.428390 0.000000060693 0.461904 0.284467
20.489188 0.000000060513 0.455191 0.286074
20.549987 0.000000060334 0.446674 0.282491
20.610786 0.000000060156 0.442260 0.275432
20.671585 0.000000059979 0.438250 0.270073
20.732383 0.000000059803 0.430749 0.261055
20.793182 0.000000059628 0.427211 0.242553
20.853981 0.000000059454 0.438100 0.223755
20.914780 0.000000059281 0.455209 0.218841
20.975579 0.000000059110 0.463691 0.224071
21.036377 0.000000058939 0.462675 0.226984
21.097176 0.000000058769 0.459138 0.225471
21.157975 0.000000058600 0.453821 0.219677
21.218774 0.000000058432 0.450174 0.208709
21.279572 0.000000058265 0.450678 0.194048
21.340371 0.000000058099 0.458164 0.179799
21.401170 0.000000057934 0.467844 0.170663
21.461969 0.000000057770 0.476969 0.162276
21.522768 0.000000057607 0.489729 0.155579
21.583566 0.000000057445 0.502612 0.155641
21.644365 0.000000057283 0.509713 0.159088
21.705164 0.000000057123 0.511536 0.160548
21.765963 0.000000056963 0.511899 0.156513
21.826762 0.000000056805 0.517053 0.149260
21.887560 0.000000056647 0.526249 0.145324
21.948359 0.000000056490 0.534109 0.145596
22.009158 0.000000056334 0.538842 0.146152
22.069957 0.000000056179 0.542665 0.145395
22.130755 0.000000056024 0.546727 0.143751
22.191554 0.000000055871 0.551898 0.142224
22.252353 0.000000055718 0.557592 0.142907
22.313152 0.000000055566 0.558786 0.146233
22.373951 0.000000055415 0.554584 0.142135
22.434749 0.000000055265 0.559246 0.130223
22.495548 0.000000055116 0.573735 0.125117
22.556347 0.000000054967 0.586467 0.130440
22.617146 0.000000054819 0.591169 0.139176
22.677944 0.000000054672 0.590491 0.144564
22.738743 0.000000054526 0.589158 0.146965
22.799542 0.000000054381 0.586302 0.147414
22.860341 0.000000054236 0.584768 0.143144
22.921140 0.000000054092 0.588332 0.139588
22.981938 0.000000053949 0.591394 0.140094
23.042737 0.000000053807 0.590591 0.140822
23.103536 0.000000053665 0.587999 0.136990
23.164335 0.000000053524 0.589481 0.129718
23.225133 0.000000053384 0.594708 0.123638
23.285932 0.000000053245 0.602569 0.118944
23.346731 0.000000053106 0.613740 0.118851
23.407530 0.000000052968 0.621835 0.126409
23.468329 0.000000052831 0.621239 0.135034
23.529127 0.000000052695 0.615738 0.137463
23.589926 0.000000052559 0.612703 0.134150
23.650725 0.000000052424 0.613367 0.130595
23.711524 0.000000052289 0.614949 0.128391
23.772322 0.000000052156 0.615772 0.125905
23.833121 0.000000052023 0.618966 0.121412
23.893920 0.000000051890 0.626112 0.120705
23.954719 0.000000051758 0.629972 0.125462
24.015518 0.000000051627 0.628271 0.129161
24.076316 0.000000051497 0.625111 0.129063
24.137115 0.000000051367 0.623008 0.126235
24.197914 0.000000051238 0.623151 0.122302
24.258713 0.000000051110 0.625195 0.119313
24.319511 0.000000050982 0.627231 0.117772
24.380310 0.000000050855 0.628915 0.116486
24.441109 0.000000050728 0.630770 0.115961
24.501908 0.000000050603 0.631344 0.116805
24.562707 0.000000050477 0.629245 0.117224
24.623505 0.000000050353 0.624986 0.114957
24.684304 0.000000050229 0.621789 0.107583
24.745103 0.000000050105 0.624402 0.099436
24.805902 0.000000049982 0.628225 0.095031
24.866700 0.000000049860 0.630500 0.090708
24.927499 0.000000049739 0.633821 0.084966
24.988298 0.000000049618 0.639346 0.079839
25.049097 0.000000049497 0.645626 0.076065
25.109896 0.000000049377 0.652957 0.073225
25.170694 0.000000049258 0.661068 0.072510
25.231493 0.000000049139 0.668940 0.074121
25.292292 0.000000049021 0.675323 0.078350
25.353091 0.000000048904 0.678396 0.083478
25.413889 0.000000048787 0.679530 0.087202
25.474688 0.000000048670 0.679983 0.090492
25.535487 0.000000048554 0.678702 0.092815
25.596286 0.000000048439 0.677552 0.092792
25.657085 0.000000048324 0.677676 0.092840
25.717883 0.000000048210 0.676740 0.092824
25.778682 0.000000048096 0.676352 0.091009
25.839481 0.000000047983 0.677532 0.089446
25.900280 0.000000047870 0.678895 0.088785
25.961078 0.000000047758 0.679939 0.088584
26.021877 0.000000047647 0.680288 0.088615
26.082676 0.000000047536 0.679871 0.087777
26.143475 0.000000047425 0.680269 0.085971
26.204274 0.000000047315 0.681382 0.084692
26.265072 0.000000047206 0.682273 0.083810
26.325871 0.000000047097 0.682718 0.082862
26.386670 0.000000046988 0.683248 0.081074
26.447469 0.000000046880 0.685004 0.079479
26.508267 0.000000046773 0.686608 0.079223
26.569066 0.000000046666 0.686980 0.079232
26.629865 0.000000046559 0.686512 0.078223
26.690664 0.000000046453 0.686704 0.076113
26.751463 0.000000046347 0.687797 0.074210
26.812261 0.000000046242 0.689009 0.072783
26.873060 0.000000046138 0.690187 0.071598
26.933859 0.000000046033 0.691260 0.070695
26.994658 0.000000045930 0.691946 0.070331
27.055456 0.000000045827 0.691129 0.069849
27.116255 0.000000045724 0.689634 0.067404
27.177054 0.000000045622 0.689527 0.063375
27.237853 0.000000045520 0.691123 0.059672
27.298652 0.000000045418 0.692850 0.056811
27.359450 0.000000045317 0.694525 0.053550
27.420249 0.000000045217 0.697373 0.049989
27.481048 0.000000045117 0.701323 0.047608
27.541847 0.000000045017 0.704855 0.046494
27.602645 0.000000044918 0.707911 0.045464
27.663444 0.000000044819 0.711265 0.044836
27.724243 0.000000044721 0.714116 0.045221
27.785042 0.000000044623 0.715846 0.045617
27.845841 0.000000044526 0.717169 0.045581
27.906639 0.000000044429 0.718071 0.045214
27.967438 0.000000044332 0.718957 0.044004
28.028237 0.000000044236 0.720654 0.042487
28.089036 0.000000044140 0.722686 0.041562
28.149834 0.000000044045 0.724430 0.040683
28.210633 0.000000043950 0.726526 0.039906
28.271432 0.000000043856 0.728217 0.039755
28.332231 0.000000043761 0.729066 0.039139
28.393030 0.000000043668 0.730153 0.037351
28.453828 0.000000043574 0.732747 0.035225
28.514627 0.000000043482 0.736547 0.034536
28.575426 0.000000043389 0.739720 0.035808
28.636225 0.000000043297 0.740764 0.037823
28.697023 0.000000043205 0.739844 0.038184
28.757822 0.000000043114 0.739732 0.036186
28.818621 0.000000043023 0.741612 0.034112
28.879420 0.000000042932 0.744141 0.033417
28.940219 0.000000042842 0.745838 0.033491
29.001017 0.000000042752 0.746964 0.033200
29.061816 0.000000042663 0.747987 0.032681
29.122615 0.000000042574 0.748804 0.031627
29.183414 0.000000042485 0.750335 0.029833
29.244212 0.000000042397 0.753089 0.028513
29.305011 0.000000042309 0.755895 0.028470
29.365810 0.000000042221 0.757944 0.028970
29.426609 0.000000042134 0.759306 0.029463
29.487408 0.000000042047 0.760042 0.029506
29.548206 0.000000041961 0.760870 0.028440
29.609005 0.000000041874 0.763112 0.027127
29.669804 0.000000041789 0.766025 0.027184
29.730603 0.000000041703 0.767980 0.028335
29.791401 0.000000041618 0.768778 0.029047
29.852200 0.000000041533 0.769650 0.028919
29.912999 0.000000041449 0.771065 0.028721
29.973798 0.000000041365 0.772640 0.028893
30.034597 0.000000041281 0.774171 0.029326
30.095395 0.000000041198 0.775626 0.030233
30.156194 0.000000041115 0.776421 0.031778
30.216993 0.000000041032 0.775700 0.033309
30.277792 0.000000040949 0.773793 0.033021
30.338591 0.000000040867 0.773038 0.030702
30.399389 0.000000040786 0.774276 0.028313
30.460188 0.000000040704 0.776424 0.027160
30.520987 0.000000040623 0.778371 0.026894
30.581786 0.000000040542 0.780081 0.027272
30.642584 0.000000040462 0.780836 0.028229
30.703383 0.000000040382 0.780395 0.028533
30.764182 0.000000040302 0.779924 0.027561
30.824981 0.000000040223 0.780140 0.025886
30.885780 0.000000040143 0.781301 0.024000
30.946578 0.000000040065 0.783291 0.022732
31.007377 0.000000039986 0.785177 0.022301
31.068176 0.000000039908 0.786668 0.021956
31.128975 0.000000039830 0.788270 0.021663
31.189773 0.000000039752 0.789660 0.021682
31.250572 0.000000039675 0.790777 0.021526
31.311371 0.000000039598 0.792061 0.021211
31.372170 0.000000039521 0.793565 0.021063
31.432969 0.000000039445 0.795076 0.021331
31.493767 0.000000039368 0.796103 0.021878
31.554566 0.000000039293 0.796771 0.022114
31.615365 0.000000039217 0.797575 0.022192
31.676164 0.000000039142 0.798301 0.022454
31.736962 0.000000039067 0.798687 0.022656
31.797761 0.000000038992 0.798866 0.022536
31.858560 0.000000038918 0.799135 0.021958
31.919359 0.000000038843 0.799866 0.021214
31.980158 0.000000038770 0.800892 0.020705
32.040956 0.000000038696 0.801945 0.020449
32.101755 0.000000038623 0.802983 0.020365
32.162554 0.000000038550 0.803912 0.020619
32.223353 0.000000038477 0.804267 0.021072
32.284151 0.000000038405 0.804007 0.021066
32.344950 0.000000038332 0.803773 0.020247
32.405749 0.000000038260 0.804111 0.019029
32.466548 0.000000038189 0.804927 0.017896
32.527347 0.000000038117 0.805975 0.016927
32.588145 0.000000038046 0.807261 0.016153
32.648944 0.000000037975 0.808568 0.015785
32.709743 0.000000037905 0.809532 0.015572
32.770542 0.000000037835 0.810344 0.015075
32.831340 0.000000037765 0.811493 0.014414
32.892139 0.000000037695 0.812954 0.014132
32.952938 0.000000037625 0.814150 0.014373
33.013737 0.000000037556 0.814706 0.014599
33.074536 0.000000037487 0.815025 0.014222
33.135334 0.000000037418 0.815792 0.013455
33.196133 0.000000037350 0.817002 0.012903
33.256932 0.000000037281 0.818246 0.012747
33.317731 0.000000037213 0.819257 0.012825
33.378529 0.000000037145 0.819932 0.012882
33.439328 0.000000037078 0.820501 0.012615
33.500127 0.000000037011 0.821291 0.012253
33.560926 0.000000036944 0.822097 0.011981
33.621725 0.000000036877 0.822883 0.011648
33.682523 0.000000036810 0.823789 0.011277
33.743322 0.000000036744 0.824780 0.011039
33.804121 0.000000036678 0.825696 0.010858
33.864920 0.000000036612 0.826696 0.010692
33.925718 0.000000036546 0.827663 0.010753
33.986517 0.000000036481 0.828417 0.010883
34.047316 0.000000036416 0.828992 0.011002
34.108115 0.000000036351 0.829316 0.010980
34.168914 0.000000036286 0.829595 0.010573
34.229712 0.000000036222 0.830173 0.009954
34.290511 0.000000036158 0.830965 0.009409
34.351310 0.000000036094 0.831850 0.008940
34.412109 0.000000036030 0.832772 0.008547
34.472907 0.000000035966 0.833751 0.008153
34.533706 0.000000035903 0.834886 0.007883
34.594505 0.000000035840 0.835971 0.007894
34.655304 0.000000035777 0.836772 0.007978
34.716103 0.000000035714 0.837441 0.007842
34.776901 0.000000035652 0.838281 0.007561
34.837700 0.000000035590 0.839312 0.007393
34.898499 0.000000035528 0.840368 0.007472
34.959298 0.000000035466 0.841231 0.007772
35.020096 0.000000035404 0.841773 0.008065
35.080895 0.000000035343 0.842119 0.008151
35.141694 0.000000035282 0.842419 0.007953
35.202493 0.000000035221 0.842935 0.007503
35.263292 0.000000035160 0.843754 0.007113
35.324090 0.000000035100 0.844646 0.006926
35.384889 0.000000035039 0.845504 0.006849
35.445688 0.000000034979 0.846334 0.006863
35.506487 0.000000034919 0.847069 0.007003
35.567285 0.000000034860 0.847565 0.007157
35.628084 0.000000034800 0.847889 0.007073
35.688883 0.000000034741 0.848367 0.006710
35.749682 0.000000034682 0.849126 0.006382
35.810481 0.000000034623 0.849951 0.006272
35.871279 0.000000034564 0.850645 0.006263
35.932078 0.000000034506 0.851269 0.006202
35.992877 0.000000034447 0.851904 0.006114
36.053676 0.000000034389 0.852571 0.006029
36.114474 0.000000034331 0.853263 0.006039
36.175273 0.000000034274 0.853795 0.006165
36.236072 0.000000034216 0.854108 0.006138
36.296871 0.000000034159 0.854471 0.005868
36.357670 0.000000034102 0.854984 0.005520
36.418468 0.000000034045 0.855629 0.005169
36.479267 0.000000033988 0.856380 0.004899
36.540066 0.000000033931 0.857141 0.004724
36.600865 0.000000033875 0.857897 0.004602
36.661663 0.000000033819 0.858628 0.004547
36.722462 0.000000033763 0.859293 0.004520
36.783261 0.000000033707 0.859897 0.004457
36.844060 0.000000033652 0.860535 0.004330
36.904859 0.000000033596 0.861223 0.004264
36.965657 0.000000033541 0.861833 0.004213
37.026456 0.000000033486 0.862469 0.004079
37.087255 0.000000033431 0.863203 0.003986
37.148054 0.000000033376 0.863908 0.003997
37.208852 0.000000033322 0.864547 0.003976
37.269651 0.000000033267 0.865261 0.003921
37.330450 0.000000033213 0.866053 0.003967
37.391249 0.000000033159 0.866828 0.004176
37.452048 0.000000033105 0.867452 0.004539
37.512846 0.000000033052 0.867816 0.004901
37.573645 0.000000032998 0.868031 0.005092
37.634444 0.000000032945 0.868200 0.005130
37.695243 0.000000032892 0.868390 0.004986
37.756041 0.000000032839 0.868733 0.004727
37.816840 0.000000032786 0.869224 0.004519
37.877639 0.000000032733 0.869705 0.004431
37.938438 0.000000032681 0.870078 0.004290
37.999237 0.000000032629 0.870536 0.004023
38.060035 0.000000032576 0.871122 0.003804
38.120834 0.000000032524 0.871729 0.003661
38.181633 0.000000032473 0.872340 0.003567
38.242432 0.000000032421 0.872919 0.003525
38.303230 0.000000032370 0.873456 0.003472
38.364029 0.000000032318 0.874014 0.003407
38.424828 0.000000032267 0.874567 0.003377
38.485627 0.000000032216 0.875112 0.003326
38.546426 0.000000032165 0.875720 0.003327
38.607224 0.000000032115 0.876230 0.003454
38.668023 0.000000032064 0.876586 0.003481
38.728822 0.000000032014 0.877002 0.003396
38.789621 0.000000031964 0.877446 0.003309
38.850419 0.000000031914 0.877940 0.003171
38.911218 0.000000031864 0.878537 0.003081
38.972017 0.000000031814 0.879153 0.003099
39.032816 0.000000031765 0.879725 0.003223
39.093615 0.000000031715 0.880169 0.003427
39.154413 0.000000031666 0.880405 0.003592
39.215212 0.000000031617 0.880528 0.003496
39.276011 0.000000031568 0.880869 0.003164
39.336810 0.000000031519 0.881476 0.002937
39.397609 0.000000031470 0.882105 0.002931
39.458407 0.000000031422 0.882595 0.003029
39.519206 0.000000031374 0.882973 0.003092
39.580005 0.000000031325 0.883278 0.003093
39.640804 0.000000031277 0.883557 0.002956
39.701602 0.000000031229 0.883966 0.002693
39.762401 0.000000031182 0.884560 0.002489
39.823200 0.000000031134 0.885185 0.002444
39.883999 0.000000031087 0.885747 0.002472
39.944798 0.000000031039 0.886263 0.002539
40.005596 0.000000030992 0.886693 0.002612
40.066395 0.000000030945 0.887104 0.002613
40.127194 0.000000030898 0.887543 0.002617
40.187993 0.000000030851 0.887954 0.002618
40.248791 0.000000030805 0.888386 0.002565
40.309590 0.000000030758 0.888907 0.002526
40.370389 0.000000030712 0.889457 0.002595
40.431188 0.000000030666 0.889941 0.002752
40.491987 0.000000030620 0.890333 0.002927
40.552785 0.000000030574 0.890656 0.003090
40.613584 0.000000030528 0.890913 0.003225
40.674383 0.000000030483 0.891097 0.003302
40.735182 0.000000030437 0.891265 0.003244
40.795980 0.000000030392 0.891529 0.003124
40.856779 0.000000030346 0.891843 0.003010
40.917578 0.000000030301 0.892202 0.002911
40.978377 0.000000030256 0.892576 0.002863
41.039176 0.000000030212 0.892887 0.002856
41.099974 0.000000030167 0.893098 0.002763
41.160773 0.000000030122 0.893393 0.002488
41.221572 0.000000030078 0.893901 0.002228
41.282371 0.000000030034 0.894493 0.002116
41.343169 0.000000029989 0.895075 0.002129
41.403968 0.000000029945 0.895588 0.002249
41.464767 0.000000029902 0.895969 0.002393
41.525566 0.000000029858 0.896284 0.002463
41.586365 0.000000029814 0.896610 0.002502
41.647163 0.000000029771 0.896904 0.002533
41.707962 0.000000029727 0.897188 0.002514
41.768761 0.000000029684 0.897488 0.002460
41.829560 0.000000029641 0.897828 0.002373
41.890358 0.000000029598 0.898228 0.002308
41.951157 0.000000029555 0.898627 0.002299
42.011956 0.000000029512 0.898993 0.002288
42.072755 0.000000029469 0.899391 0.002260
42.133554 0.000000029427 0.899823 0.002285
42.194352 0.000000029384 0.900229 0.002386
42.255151 0.000000029342 0.900533 0.002532
42.315950 0.000000029300 0.900738 0.002604
42.376749 0.000000029258 0.900942 0.002590
42.437547 0.000000029216 0.901162 0.002501
42.498346 0.000000029174 0.901481 0.002350
42.559145 0.000000029133 0.901905 0.002256
42.619944 0.000000029091 0.902357 0.002261
42.680743 0.000000029050 0.902765 0.002367
42.741541 0.000000029008 0.903052 0.002517
42.802340 0.000000028967 0.903221 0.002581
42.863139 0.000000028926 0.903415 0.002502
42.923938 0.000000028885 0.903735 0.002413
42.984736 0.000000028844 0.904064 0.002415
43.045535 0.000000028803 0.904315 0.002411
43.106334 0.000000028763 0.904581 0.002322
43.167133 0.000000028722 0.904939 0.002231
43.227932 0.000000028682 0.905330 0.002221
43.288730 0.000000028642 0.905673 0.002264
43.349529 0.000000028601 0.905975 0.002299
43.410328 0.000000028561 0.906261 0.002319
43.471127 0.000000028521 0.906555 0.002321
43.531925 0.000000028482 0.906867 0.002357
43.592724 0.000000028442 0.907111 0.002424
43.653523 0.000000028402 0.907306 0.002416
43.714322 0.000000028363 0.907556 0.002358
43.775121 0.000000028323 0.907843 0.002337
43.835919 0.000000028284 0.908082 0.002342
43.896718 0.000000028245 0.908293 0.002279
43.957517 0.000000028206 0.908569 0.002178
44.018316 0.000000028167 0.908880 0.002109
44.079114 0.000000028128 0.909197 0.002044
44.139913 0.000000028089 0.909549 0.001992
44.200712 0.000000028051 0.909919 0.001981
44.261511 0.000000028012 0.910297 0.002023
44.322310 0.000000027974 0.910626 0.002148
44.383108 0.000000027935 0.910829 0.002271
44.443907 0.000000027897 0.910988 0.002280
44.504706 0.000000027859 0.911222 0.002236
44.565505 0.000000027821 0.911499 0.002248
44.626303 0.000000027783 0.911707 0.002314
44.687102 0.000000027745 0.911820 0.002301
44.747901 0.000000027708 0.911987 0.002158
44.808700 0.000000027670 0.912269 0.002012
44.869499 0.000000027633 0.912605 0.001916
44.930297 0.000000027595 0.912975 0.001885
44.991096 0.000000027558 0.913307 0.001938
45.051895 0.000000027521 0.913568 0.001987
45.112694 0.000000027484 0.913819 0.002032
45.173492 0.000000027447 0.914006 0.002083
45.234291 0.000000027410 0.914151 0.002034
45.295090 0.000000027373 0.914384 0.001914
45.355889 0.000000027336 0.914701 0.001840
45.416688 0.000000027300 0.915020 0.001837
45.477486 0.000000027263 0.915306 0.001873
45.538285 0.000000027227 0.915529 0.001913
45.599084 0.000000027190 0.915742 0.001882
45.659883 0.000000027154 0.916025 0.001858
45.720681 0.000000027118 0.916292 0.001912
45.781480 0.000000027082 0.916473 0.001966
45.842279 0.000000027046 0.916622 0.001941
45.903078 0.000000027010 0.916832 0.001865
45.963877 0.000000026975 0.917076 0.001833
46.024675 0.000000026939 0.917286 0.001799
46.085474 0.000000026903 0.917527 0.001733
46.146273 0.000000026868 0.917802 0.001708
46.207072 0.000000026833 0.918037 0.001717
46.267870 0.000000026797 0.918241 0.001691
46.328669 0.000000026762 0.918475 0.001637
46.389468 0.000000026727 0.918736 0.001601
46.450267 0.000000026692 0.919002 0.001587
46.511066 0.000000026657 0.919269 0.001611
46.571864 0.000000026622 0.919469 0.001671
46.632663 0.000000026588 0.919600 0.001658
46.693462 0.000000026553 0.919781 0.001561
46.754261 0.000000026519 0.920042 0.001475
46.815059 0.000000026484 0.920322 0.001450
46.875858 0.000000026450 0.920573 0.001450
46.936657 0.000000026416 0.920817 0.001452
46.997456 0.000000026381 0.921050 0.001481
47.058255 0.000000026347 0.921230 0.001515
47.119053 0.000000026313 0.921377 0.001503
47.179852 0.000000026279 0.921530 0.001442
47.240651 0.000000026246 0.921725 0.001340
47.301450 0.000000026212 0.921977 0.001255
47.362248 0.000000026178 0.922238 0.001213
47.423047 0.000000026145 0.922478 0.001187
47.483846 0.000000026111 0.922703 0.001145
47.544645 0.000000026078 0.922959 0.001084
47.605444 0.000000026044 0.923247 0.001056
47.666242 0.000000026011 0.923521 0.001064
47.727041 0.000000025978 0.923790 0.001083
47.787840 0.000000025945 0.924049 0.001145
47.848639 0.000000025912 0.924234 0.001234
47.909438 0.000000025879 0.924354 0.001254
47.970236 0.000000025846 0.924513 0.001202
48.031035 0.000000025814 0.924719 0.001152
48.091834 0.000000025781 0.924956 0.001119
48.152633 0.000000025749 0.925208 0.001140
48.213431 0.000000025716 0.925397 0.001210
48.274230 0.000000025684 0.925515 0.001238
48.335029 0.000000025651 0.925629 0.001200
48.395828 0.000000025619 0.925773 0.001129
48.456627 0.000000025587 0.925938 0.001039
48.517425 0.000000025555 0.926146 0.000932
48.578224 0.000000025523 0.926396 0.000849
48.639023 0.000000025491 0.926664 0.000794
48.699822 0.000000025459 0.926950 0.000780
48.760620 0.000000025427 0.927214 0.000832
48.821419 0.000000025396 0.927395 0.000907
48.882218 0.000000025364 0.927519 0.000923
48.943017 0.000000025333 0.927656 0.000882
49.003816 0.000000025301 0.927817 0.000816
49.064614 0.000000025270 0.928014 0.000738
49.125413 0.000000025239 0.928240 0.000682
49.186212 0.000000025207 0.928460 0.000646
49.247011 0.000000025176 0.928679 0.000604
49.307809 0.000000025145 0.928920 0.000569
49.368608 0.000000025114 0.929165 0.000570
49.429407 0.000000025083 0.929379 0.000591
49.490206 0.000000025053 0.929569 0.000601
49.551005 0.000000025022 0.929758 0.000601
49.611803 0.000000024991 0.929938 0.000606
49.672602 0.000000024961 0.930095 0.000595
49.733401 0.000000024930 0.930260 0.000548
49.794200 0.000000024900 0.930455 0.000498
49.854998 0.000000024869 0.930662 0.000458
49.915797 0.000000024839 0.930872 0.000427
49.976596 0.000000024809 0.931086 0.000403
50.037395 0.000000024779 0.931298 0.000391
50.098194 0.000000024749 0.931500 0.000380
50.158992 0.000000024719 0.931702 0.000365
50.219791 0.000000024689 0.931907 0.000352
50.280590 0.000000024659 0.932113 0.000345
50.341389 0.000000024629 0.932314 0.000344
50.402187 0.000000024599 0.932508 0.000346
50.462986 0.000000024570 0.932696 0.000343
50.523785 0.000000024540 0.932883 0.000337
50.584584 0.000000024511 0.933072 0.000328
50.645383 0.000000024481 0.933261 0.000320
50.706181 0.000000024452 0.933452 0.000314
50.766980 0.000000024423 0.933641 0.000310
50.827779 0.000000024393 0.933828 0.000307
50.888578 0.000000024364 0.934014 0.000304
50.949376 0.000000024335 0.934198 0.000302
51.010175 0.000000024306 0.934381 0.000300
51.070974 0.000000024277 0.934562 0.000298
51.131773 0.000000024248 0.934743 0.000296
51.192572 0.000000024220 0.934922 0.000294
51.253370 0.000000024191 0.935100 0.000292
51.314169 0.000000024162 0.935277 0.000290
51.374968 0.000000024134 0.935453 0.000289
51.435767 0.000000024105 0.935628 0.000287
51.496565 0.000000024077 0.935802 0.000286
51.557364 0.000000024048 0.935975 0.000284
51.618163 0.000000024020 0.936147 0.000283
51.678962 0.000000023992 0.936319 0.000281
51.739761 0.000000023963 0.936489 0.000280
51.800559 0.000000023935 0.936659 0.000278
51.861358 0.000000023907 0.936828 0.000277
51.922157 0.000000023879 0.936996 0.000275
51.982956 0.000000023851 0.937162 0.000274
52.043754 0.000000023823 0.937329 0.000273
52.104553 0.000000023796 0.937494 0.000271
52.165352 0.000000023768 0.937659 0.000270
52.226151 0.000000023740 0.937823 0.000269
52.286950 0.000000023713 0.937986 0.000268
52.347748 0.000000023685 0.938148 0.000266
52.408547 0.000000023658 0.938310 0.000265
52.469346 0.000000023630 0.938471 0.000264
52.530145 0.000000023603 0.938631 0.000263
52.590943 0.000000023576 0.938790 0.000262
52.651742 0.000000023548 0.938949 0.000260
52.712541 0.000000023521 0.939107 0.000259
52.773340 0.000000023494 0.939264 0.000258
52.834139 0.000000023467 0.939421 0.000257
52.894937 0.000000023440 0.939576 0.000256
52.955736 0.000000023413 0.939731 0.000255
53.016535 0.000000023386 0.939886 0.000254
53.077334 0.000000023359 0.940040 0.000252
53.138132 0.000000023333 0.940193 0.000251
53.198931 0.000000023306 0.940345 0.000250
53.259730 0.000000023279 0.940497 0.000249
53.320529 0.000000023253 0.940648 0.000248
53.381328 0.000000023226 0.940799 0.000247
53.442126 0.000000023200 0.940949 0.000246
53.502925 0.000000023174 0.941098 0.000245
53.563724 0.000000023147 0.941247 0.000244
53.624523 0.000000023121 0.941395 0.000243
53.685321 0.000000023095 0.941542 0.000242
53.746120 0.000000023069 0.941689 0.000241
53.806919 0.000000023043 0.941835 0.000240
53.867718 0.000000023017 0.941981 0.000239
53.928517 0.000000022991 0.942125 0.000238
53.989315 0.000000022965 0.942270 0.000237
54.050114 0.000000022939 0.942414 0.000236
54.110913 0.000000022913 0.942557 0.000235
54.171712 0.000000022888 0.942699 0.000234
54.232510 0.000000022862 0.942842 0.000233
54.293309 0.000000022836 0.942983 0.000232
54.354108 0.000000022811 0.943124 0.000231
54.414907 0.000000022785 0.943264 0.000230
54.475706 0.000000022760 0.943404 0.000229
54.536504 0.000000022734 0.943543 0.000228
54.597303 0.000000022709 0.943681 0.000228
54.658102 0.000000022684 0.943819 0.000227
54.718901 0.000000022659 0.943957 0.000226
54.779699 0.000000022634 0.944094 0.000225
54.840498 0.000000022608 0.944230 0.000224
54.901297 0.000000022583 0.944366 0.000223
54.962096 0.000000022558 0.944502 0.000222
55.022895 0.000000022534 0.944636 0.000221
55.083693 0.000000022509 0.944771 0.000220
55.144492 0.000000022484 0.944905 0.000220
55.205291 0.000000022459 0.945038 0.000219
55.266090 0.000000022434 0.945170 0.000218
55.326888 0.000000022410 0.945303 0.000217
55.387687 0.000000022385 0.945434 0.000216
55.448486 0.000000022361 0.945565 0.000215
55.509285 0.000000022336 0.945696 0.000215
55.570084 0.000000022312 0.945826 0.000214
55.630882 0.000000022287 0.945956 0.000213
55.691681 0.000000022263 0.946085 0.000212
55.752480 0.000000022239 0.946214 0.000211
55.813279 0.000000022214 0.946342 0.000210
55.874077 0.000000022190 0.946470 0.000210
55.934876 0.000000022166 0.946597 0.000209
55.995675 0.000000022142 0.946724 0.000208
56.056474 0.000000022118 0.946850 0.000207
56.117273 0.000000022094 0.946976 0.000206
56.178071 0.000000022070 0.947101 0.000206
56.238870 0.000000022046 0.947226 0.000205
56.299669 0.000000022022 0.947350 0.000204
56.360468 0.000000021999 0.947474 0.000203
56.421267 0.000000021975 0.947598 0.000203
56.482065 0.000000021951 0.947720 0.000202
56.542864 0.000000021928 0.947843 0.000201
56.603663 0.000000021904 0.947965 0.000200
56.664462 0.000000021881 0.948087 0.000200
56.725260 0.000000021857 0.948208 0.000199
56.786059 0.000000021834 0.948329 0.000198
56.846858 0.000000021811 0.948449 0.000197
56.907657 0.000000021787 0.948569 0.000197
56.968456 0.000000021764 0.948688 0.000196
57.029254 0.000000021741 0.948807 0.000195
57.090053 0.000000021718 0.948926 0.000195
57.150852 0.000000021695 0.949044 0.000194
57.211651 0.000000021671 0.949161 0.000193
57.272449 0.000000021648 0.949279 0.000192
57.333248 0.000000021625 0.949395 0.000192
57.394047 0.000000021603 0.949512 0.000191
57.454846 0.000000021580 0.949628 0.000190
57.515645 0.000000021557 0.949743 0.000190
57.576443 0.000000021534 0.949858 0.000189
57.637242 0.000000021511 0.949973 0.000188
57.698041 0.000000021489 0.950087 0.000188
57.758840 0.000000021466 0.950201 0.000187
57.819638 0.000000021444 0.950315 0.000186
57.880437 0.000000021421 0.950428 0.000186
57.941236 0.000000021399 0.950540 0.000185
58.002035 0.000000021376 0.950653 0.000184
58.062834 0.000000021354 0.950764 0.000184
58.123632 0.000000021331 0.950876 0.000183
58.184431 0.000000021309 0.950987 0.000182
58.245230 0.000000021287 0.951097 0.000182
58.306029 0.000000021265 0.951208 0.000181
58.366827 0.000000021243 0.951318 0.000180
58.427626 0.000000021220 0.951427 0.000180
58.488425 0.000000021198 0.951536 0.000179
58.549224 0.000000021176 0.951645 0.000179
58.610023 0.000000021154 0.951753 0.000178
58.670821 0.000000021132 0.951861 0.000177
58.731620 0.000000021111 0.951969 0.000177
58.792419 0.000000021089 0.952076 0.000176
58.853218 0.000000021067 0.952183 0.000175
58.914016 0.000000021045 0.952289 0.000175
58.974815 0.000000021024 0.952395 0.000174
59.035614 0.000000021002 0.952501 0.000174
59.096413 0.000000020980 0.952606 0.000173
59.157212 0.000000020959 0.952711 0.000172
59.218010 0.000000020937 0.952816 0.000172
59.278809 0.000000020916 0.952920 0.000171
59.339608 0.000000020894 0.953024 0.000171
59.400407 0.000000020873 0.953128 0.000170
59.461205 0.000000020852 0.953231 0.000169
59.522004 0.000000020830 0.953334 0.000169
59.582803 0.000000020809 0.953436 0.000168
59.643602 0.000000020788 0.953538 0.000168
59.704401 0.000000020767 0.953640 0.000167
59.765199 0.000000020746 0.953742 0.000167
59.825998 0.000000020724 0.953843 0.000166
59.886797 0.000000020703 0.953943 0.000165
59.947596 0.000000020682 0.954044 0.000165
60.008394 0.000000020661 0.954144 0.000164
60.069193 0.000000020641 0.954244 0.000164
60.129992 0.000000020620 0.954343 0.000163
60.190791 0.000000020599 0.954442 0.000163
60.251590 0.000000020578 0.954541 0.000162
60.312388 0.000000020557 0.954639 0.000162
60.373187 0.000000020537 0.954737 0.000161
60.433986 0.000000020516 0.954835 0.000160
60.494785 0.000000020495 0.954932 0.000160
60.555583 0.000000020475 0.955029 0.000159
60.616382 0.000000020454 0.955126 0.000159
60.677181 0.000000020434 0.955222 0.000158
60.737980 0.000000020413 0.955318 0.000158
